546
6
1457800
38887600
 0 1 1 62 58  13 (D 0,1,1) (S 9,1,2) (S 6,2,4) (S 12,3,9) (S 33,9,3) (S 17,3,1) (S 31,1,3) (S 12,3,9) (S 30,9,19) (S 16,19,9) (S 33,9,3) (S 17,3,1) (D 0,1,1) 
 0 1 2 96 75  21 (D 0,1,1) (S 9,1,2) (S 6,2,4) (S 5,4,5) (S 14,5,11) (S 8,11,15) (S 21,15,16) (S 4,16,17) (S 27,17,13) (S 11,13,17) (S 19,14,18) (S 26,14,13) (S 2,13,12) (S 35,12,11) (S 36,11,5) (S 5,5,4) (S 6,4,2) (S 9,2,1) (D 0,1,1) 
 0 1 3 87 59  14 (D 0,1,1) (S 31,1,3) (S 12,3,9) (S 3,9,10) (S 28,10,20) (S 23,20,10) (S 28,10,20) (S 1,20,21) (S 24,21,15) (S 8,15,11) (S 36,11,5) (S 5,5,4) (S 6,4,2) (S 9,2,1) (D 0,1,1) 
 0 1 4 110 99  19 (D 0,1,1) (S 9,1,2) (S 6,2,4) (S 5,4,5) (S 7,5,10) (S 29,10,11) (S 36,11,5) (S 14,5,11) (S 8,11,15) (S 20,21,24) (S 32,24,21) (S 1,21,20) (S 34,23,20) (S 23,20,10) (S 3,10,9) (S 33,9,3) (S 17,3,1) (D 0,1,1) 
 0 1 5 138 154  28 (D 0,1,1) (S 31,1,3) (S 12,3,9) (S 30,9,19) (S 16,19,9) (S 3,9,10) (S 28,10,20) (S 22,23,22) (S 15,23,24) (S 32,24,21) (S 24,21,15) (S 21,15,16) (S 25,16,15) (S 21,15,16) (S 13,16,12) (S 2,12,13) (S 11,13,17) (S 26,14,13) (S 2,13,12) (S 35,12,11) (S 36,11,5) (S 5,5,4) (S 6,4,2) (S 9,2,1) (D 0,1,1) 
 0 1 6 140 101  27 (D 0,1,1) (S 9,1,2) (S 6,2,4) (S 5,4,5) (S 14,5,11) (S 8,11,15) (S 21,15,16) (S 4,16,17) (S 27,17,13) (S 2,13,12) (S 35,12,11) (S 8,11,15) (S 21,15,16) (S 4,16,17) (S 10,14,8) (S 18,8,7) (S 10,8,14) (S 26,14,13) (S 2,13,12) (S 35,12,11) (S 36,11,5) (S 5,5,4) (S 6,4,2) (S 9,2,1) (D 0,1,1) 
