322
6
1840200
20746900
 0 1 1 11 28  15 (D 0,1,1) (S 9,1,17) (S 30,13,14) (S 13,2,1) (D 0,1,1) 
 0 1 2 54 49  18 (D 0,1,1) (S 20,1,24) (S 7,24,27) (S 2,26,23) (S 27,22,23) (S 19,22,25) (S 6,25,18) (S 5,18,14) (S 17,14,21) (S 5,18,14) (S 13,2,1) (D 0,1,1) 
 0 1 3 33 69  18 (D 0,1,1) (S 10,1,15) (S 24,15,20) (S 4,20,21) (S 5,18,14) (S 28,12,13) (S 13,2,1) (S 11,3,6) (S 1,6,7) (S 1,7,6) (D 0,1,1) 
 0 1 4 23 35  13 (D 0,1,1) (S 11,3,6) (S 29,6,10) (S 8,4,5) (S 31,5,9) (D 0,1,1) 
 0 1 5 21 49  15 (D 0,1,1) (S 22,3,8) (S 29,6,10) (S 18,10,11) (D 0,1,1) 
 0 1 6 71 92  21 (D 0,1,1) (S 26,3,4) (S 25,2,12) (S 28,12,13) (S 30,13,14) (S 5,14,18) (S 6,18,25) (S 6,25,18) (S 5,18,14) (S 21,14,20) (S 4,20,21) (S 12,21,23) (S 15,21,25) (D 0,1,1) 
