436
6
10499200
168438500
 0 1 1 87 62  30 (D 0,1,1) (S 39,1,5) (S 2,5,2) (S 2,2,5) (S 5,5,10) (S 57,10,11) (S 29,11,12) (S 43,12,7) (S 12,7,4) (S 66,4,3) (S 74,3,2) (S 2,2,5) (S 37,5,1) (S 21,9,14) (S 22,23,28) (S 68,27,35) (S 14,35,36) (S 77,36,38) (S 65,38,36) (S 77,36,38) (S 10,38,30) (S 38,29,37) (S 23,37,29) (S 18,24,15) (D 0,1,1) 
 0 1 2 71 56  22 (D 0,1,1) (S 50,1,16) (S 47,16,17) (S 16,17,18) (S 11,18,11) (S 55,11,6) (S 54,6,5) (S 48,6,11) (S 29,11,12) (S 1,12,19) (S 56,19,32) (S 3,32,40) (S 3,40,32) (S 49,32,31) (S 33,31,39) (S 61,39,30) (D 0,1,1) 
 0 1 3 76 70  25 (D 0,1,1) (S 63,15,23) (S 76,23,24) (S 71,24,29) (S 59,29,23) (S 60,23,29) (S 9,29,28) (S 6,28,36) (S 77,36,38) (S 8,38,46) (S 13,46,50) (S 4,50,45) (S 27,45,44) (S 42,44,43) (S 70,43,44) (S 67,37,38) (S 23,37,29) (S 24,24,30) (S 18,24,15) (D 0,1,1) 
 0 1 4 99 77  29 (D 0,1,1) (S 21,9,14) (S 32,14,22) (S 7,22,21) (S 19,21,26) (S 44,26,25) (S 36,25,33) (S 64,33,25) (S 41,25,26) (S 44,26,25) (S 36,25,33) (S 58,33,34) (S 14,35,36) (S 15,36,44) (S 42,44,43) (S 69,43,48) (S 46,48,49) (S 25,49,45) (S 72,45,49) (S 26,49,48) (S 17,48,45) (S 27,45,44) (S 23,37,29) (S 18,24,15) (D 0,1,1) 
 0 1 5 83 107  32 (D 0,1,1) (S 35,15,16) (S 51,16,15) (S 18,15,24) (S 20,24,17) (S 31,17,10) (S 45,10,17) (S 28,30,17) (S 52,39,31) (S 33,31,39) (S 62,39,47) (S 40,47,39) (S 61,39,30) (S 34,22,14) (S 21,14,9) (S 73,13,22) (S 7,22,21) (S 75,25,20) (D 0,1,1) 
 0 1 6 34 64  18 (D 0,1,1) (S 30,8,13) (S 19,21,26) (S 69,43,48) (S 53,48,43) (S 70,43,44) (S 23,37,29) (S 18,24,15) (D 0,1,1) 
