556
6
11490900
685054300
 0 1 1 105 63  42 (D 0,1,1) (S 64,12,13) (S 5,12,20) (S 8,20,21) (S 3,21,27) (S 44,30,26) (S 24,26,18) (S 21,18,19) (S 13,19,11) (S 13,11,19) (S 63,19,26) (S 52,30,34) (S 2,34,40) (S 42,41,49) (S 45,41,48) (S 2,40,34) (S 35,34,30) (S 44,30,26) (S 24,26,18) (S 21,18,19) (S 13,19,11) (S 61,11,12) (S 64,12,13) (S 67,13,6) (S 29,6,1) (D 0,1,1) 
 0 1 2 121 82  37 (D 0,1,1) (S 30,12,11) (S 51,11,5) (S 61,11,12) (S 64,12,13) (S 23,14,15) (S 10,15,23) (S 38,23,22) (S 28,22,21) (S 41,21,22) (S 12,14,8) (S 22,7,2) (S 22,2,7) (S 56,7,8) (S 16,9,15) (S 10,15,23) (S 59,23,31) (S 47,31,37) (S 60,37,43) (S 49,45,43) (S 31,43,37) (S 54,31,23) (S 10,23,15) (S 23,15,14) (S 67,13,6) (S 29,6,1) (D 0,1,1) 
 0 1 3 176 139  49 (D 0,1,1) (S 69,6,7) (S 48,7,13) (S 67,13,6) (S 15,6,5) (S 13,11,19) (S 21,19,18) (S 40,18,26) (S 9,26,34) (S 2,34,40) (S 58,47,40) (S 42,41,49) (S 4,49,44) (S 36,42,41) (S 7,33,29) (S 7,29,33) (S 11,33,34) (S 35,34,30) (S 44,30,26) (S 24,26,18) (S 65,18,29) (S 7,29,33) (S 11,33,34) (S 35,34,30) (S 50,35,34) (S 35,34,30) (S 25,35,41) (S 2,40,34) (S 35,34,30) (S 44,30,26) (S 24,26,18) (S 21,18,19) (S 13,19,11) (S 61,11,12) (S 64,12,13) (S 67,13,6) (S 29,6,1) (D 0,1,1) 
 0 1 4 131 115  35 (D 0,1,1) (S 69,6,7) (S 66,7,6) (S 37,6,13) (S 23,14,15) (S 26,16,24) (S 57,24,23) (S 59,23,31) (S 54,31,23) (S 59,23,31) (S 47,31,37) (S 60,37,43) (S 31,43,37) (S 60,37,43) (S 32,45,50) (S 70,50,45) (S 32,45,50) (S 33,50,43) (S 31,43,37) (S 27,37,38) (S 46,38,28) (S 34,28,38) (S 43,38,45) (S 49,45,43) (S 31,43,37) (S 1,36,27) (S 3,27,21) (S 67,13,6) (S 29,6,1) (D 0,1,1) 
 0 1 5 123 104  28 (D 0,1,1) (S 69,6,7) (S 22,7,2) (S 6,2,3) (S 20,3,9) (S 17,9,10) (S 18,17,25) (S 14,31,27) (S 3,27,21) (S 23,14,15) (S 53,16,9) (S 20,9,3) (S 19,3,4) (S 68,4,10) (S 17,10,9) (S 16,9,15) (S 23,15,14) (S 67,13,6) (S 29,6,1) (D 0,1,1) 
 0 1 6 91 53  18 (D 0,1,1) (S 5,12,20) (S 55,20,30) (S 44,30,26) (S 24,26,18) (S 21,18,19) (S 13,19,11) (S 51,11,5) (S 39,5,18) (S 21,18,19) (S 13,19,11) (S 61,11,12) (S 64,12,13) (S 22,7,2) (S 62,2,1) (D 0,1,1) 
