35739
6
25843000000
198640000000
 0 1 1 2938 5144  170 (D 0,1,1) (S 110,457,399) (S 66,399,398) (S 105,178,222) (S 124,470,472) (S 141,472,414) (S 133,414,441) (S 100,441,449) (S 123,471,470) (S 103,451,416) (S 77,416,417) (S 77,417,416) (S 146,491,481) (S 143,487,288) (S 80,288,420) (S 80,420,288) (S 102,288,405) (S 70,405,406) (S 70,406,405) (S 102,405,288) (S 81,421,422) (S 81,422,421) (S 145,490,489) (S 142,486,485) (S 115,462,289) (S 101,450,404) (S 69,404,403) (S 92,371,438) (S 92,438,371) (S 50,371,370) (S 144,370,488) (S 144,488,370) (S 140,370,484) (S 140,484,370) (S 50,370,371) (S 104,203,452) (S 104,452,203) (S 73,403,410) (S 73,410,403) (S 69,403,404) (S 101,404,450) (S 53,376,375) (S 53,375,376) (S 28,339,340) (S 130,474,475) (S 136,448,480) (S 136,480,448) (S 99,448,447) (S 99,447,448) (S 18,324,325) (S 38,353,354) (S 38,354,353) (S 18,325,324) (S 28,340,339) (D 0,1,1) 
 0 1 2 4167 2170  128 (D 0,1,1) (S 83,426,425) (S 97,213,445) (S 108,445,455) (S 108,455,445) (S 97,445,213) (S 112,213,459) (S 148,493,243) (S 147,243,492) (S 147,492,243) (S 148,243,493) (S 112,459,213) (S 107,425,454) (S 107,454,425) (S 97,213,445) (S 98,445,446) (S 98,446,445) (S 97,445,213) (S 83,425,426) (S 123,470,471) (S 125,471,414) (S 75,414,413) (S 78,413,418) (S 78,418,413) (S 114,413,395) (S 64,395,396) (S 64,396,395) (S 116,395,463) (S 139,463,483) (S 139,483,463) (S 95,443,444) (S 95,444,443) (S 116,463,395) (S 114,395,413) (S 127,413,468) (S 121,468,369) (S 120,369,456) (S 109,456,423) (S 82,423,424) (S 49,368,369) (S 121,369,468) (S 126,468,472) (S 141,472,414) (S 133,414,441) (S 94,441,442) (S 94,442,441) (S 133,441,414) (S 141,414,472) (S 120,456,369) (S 49,369,368) (S 25,334,335) (S 25,335,334) (S 49,368,369) (S 120,369,456) (S 132,477,435) (S 90,435,436) (S 111,436,458) (D 0,1,1) 
 0 1 3 2382 2601  116 (D 0,1,1) (S 111,458,436) (S 90,436,435) (S 132,435,477) (S 138,482,460) (S 113,460,461) (S 134,461,478) (S 134,478,461) (S 118,461,205) (S 117,465,464) (S 77,416,417) (S 51,365,372) (S 51,372,365) (S 47,365,366) (S 135,479,432) (S 89,432,434) (S 89,434,432) (S 87,432,433) (S 60,388,389) (S 67,389,400) (S 88,400,366) (S 88,366,400) (S 67,400,389) (S 86,430,431) (S 91,207,437) (S 74,411,412) (S 74,412,411) (S 96,397,415) (S 76,415,394) (S 63,394,393) (S 63,393,394) (S 129,394,391) (S 62,391,392) (S 62,392,391) (S 61,391,390) (S 106,390,453) (S 106,453,390) (S 96,415,397) (S 32,345,346) (D 0,1,1) 
 0 1 4 4384 8771  259 (D 0,1,1) (S 65,397,393) (S 65,393,397) (S 67,389,400) (S 88,400,366) (S 47,366,365) (S 24,102,333) (S 24,333,102) (S 36,101,351) (S 25,335,334) (S 82,424,423) (S 57,384,383) (S 57,383,384) (S 27,338,337) (S 27,337,338) (S 109,423,456) (S 15,319,320) (S 15,320,319) (S 30,319,264) (S 48,141,367) (S 30,264,319) (S 33,262,347) (S 42,358,359) (S 42,359,358) (S 54,378,377) (S 46,279,363) (S 45,363,364) (S 45,364,363) (S 46,363,279) (S 37,352,344) (S 31,344,343) (S 41,343,273) (S 35,273,350) (S 35,350,273) (S 20,327,328) (S 20,328,327) (S 44,327,362) (S 44,362,327) (S 33,347,262) (S 37,352,344) (S 29,341,342) (S 29,342,341) (S 37,344,352) (S 40,357,284) (S 40,284,357) (S 43,361,360) (S 26,336,259) (S 43,360,361) (S 58,386,385) (S 58,385,386) (S 28,339,340) (S 119,466,467) (S 119,467,466) (S 59,185,387) (S 56,381,382) (S 55,379,380) (S 68,402,401) (D 0,1,1) 
 0 1 5 2855 12736  230 (D 0,1,1) (S 21,329,89) (S 11,312,313) (S 11,313,312) (S 6,304,305) (S 6,305,304) (S 28,339,340) (S 18,324,325) (S 18,325,324) (S 85,196,429) (S 85,429,196) (S 93,440,439) (S 93,439,440) (S 59,185,387) (S 79,408,419) (S 79,419,408) (S 71,408,407) (S 39,356,355) (S 39,355,356) (S 71,407,408) (S 56,381,382) (S 122,379,469) (S 84,428,427) (S 84,427,428) (S 128,428,473) (S 128,473,428) (S 122,469,379) (S 55,379,380) (S 68,402,401) (S 68,401,402) (S 17,322,323) (S 13,317,316) (S 10,310,311) (S 10,311,310) (S 13,316,317) (S 16,15,321) (S 14,318,193) (S 2,297,12) (S 1,295,296) (S 8,306,307) (S 3,299,298) (S 5,303,302) (S 12,315,314) (S 4,301,300) (S 52,374,373) (S 52,373,374) (D 0,1,1) 
 0 1 6 446 4317  87 (D 0,1,1) (S 19,80,326) (S 34,348,349) (S 9,308,309) (S 9,309,308) (S 34,349,348) (S 22,330,46) (S 23,332,331) (S 19,326,80) (D 0,1,1) 
