723
6
4127100
121644300
 0 1 1 128 109  28 (D 0,1,1) (S 28,1,6) (S 41,6,1) (S 27,1,7) (S 16,13,12) (S 1,12,19) (S 6,19,25) (S 21,25,30) (S 2,30,29) (S 2,29,30) (S 57,30,25) (S 52,25,29) (S 2,29,30) (S 13,30,31) (S 36,32,31) (S 42,32,33) (S 9,33,34) (S 20,34,28) (S 12,15,14) (S 11,14,13) (S 16,13,12) (S 18,12,6) (S 41,6,1) (D 0,1,1) 
 0 1 2 112 74  22 (D 0,1,1) (S 28,1,6) (S 18,6,12) (S 25,12,18) (S 35,18,12) (S 16,12,13) (S 11,13,14) (S 12,14,15) (S 12,15,14) (S 50,14,20) (S 44,20,26) (S 58,26,20) (S 54,20,14) (S 12,14,15) (S 56,15,9) (S 5,9,10) (S 7,10,4) (S 40,3,10) (S 23,3,2) (S 14,2,1) (D 0,1,1) 
 0 1 3 162 147  33 (D 0,1,1) (S 14,1,2) (S 32,2,8) (S 30,8,9) (S 55,9,15) (S 37,21,20) (S 44,20,26) (S 15,26,27) (S 10,21,22) (S 20,34,28) (S 49,28,27) (S 15,27,26) (S 58,26,20) (S 54,20,14) (S 11,14,13) (S 46,13,7) (S 31,7,1) (S 28,1,6) (S 18,6,12) (S 16,12,13) (S 11,13,14) (S 12,14,15) (S 56,15,9) (S 5,9,10) (S 43,3,4) (S 23,3,2) (S 14,2,1) (D 0,1,1) 
 0 1 4 145 125  22 (D 0,1,1) (S 28,1,6) (S 47,6,18) (S 53,18,29) (S 3,25,26) (S 58,26,20) (S 51,19,18) (S 35,18,12) (S 16,12,13) (S 4,13,2) (S 32,2,8) (S 30,8,9) (S 5,9,10) (S 48,10,11) (S 39,11,17) (S 23,3,2) (S 14,2,1) (D 0,1,1) 
 0 1 5 174 166  31 (D 0,1,1) (S 28,1,6) (S 18,6,12) (S 16,12,13) (S 11,13,14) (S 12,14,15) (S 56,15,9) (S 8,9,3) (S 23,3,2) (S 32,2,8) (S 30,8,9) (S 5,9,10) (S 29,16,15) (S 56,15,9) (S 5,9,10) (S 48,10,11) (S 22,5,11) (S 45,11,10) (S 33,16,23) (S 19,24,34) (S 34,34,24) (S 26,17,11) (S 45,11,10) (S 23,3,2) (S 14,2,1) (D 0,1,1) 
 0 1 6 125 102  24 (D 0,1,1) (S 28,1,6) (S 18,6,12) (S 16,12,13) (S 11,13,14) (S 12,14,15) (S 56,15,9) (S 5,9,10) (S 7,10,4) (S 17,4,11) (S 38,5,4) (S 7,4,10) (S 24,17,24) (S 12,15,14) (S 11,14,13) (S 16,13,12) (S 18,12,6) (S 41,6,1) (D 0,1,1) 
