428
6
7544300
173990800
 0 1 1 40 34  24 (D 0,1,1) (S 45,6,12) (S 32,12,6) (S 14,2,36) (S 58,36,37) (S 56,37,38) (S 11,38,4) (S 24,4,3) (S 12,3,7) (S 5,7,13) (S 5,13,7) (D 0,1,1) 
 0 1 2 101 69  19 (D 0,1,1) (S 15,1,33) (S 2,34,27) (S 40,27,28) (S 34,28,27) (S 1,27,26) (S 15,33,1) (S 18,1,35) (S 51,35,34) (S 15,33,1) (S 37,1,8) (S 47,8,9) (S 28,10,9) (S 8,10,1) (D 0,1,1) 
 0 1 3 64 61  19 (D 0,1,1) (S 49,1,40) (S 9,11,16) (S 57,16,15) (S 30,15,16) (S 20,16,10) (S 28,10,9) (S 54,9,8) (S 47,8,9) (S 8,10,1) (S 25,11,12) (S 32,12,6) (D 0,1,1) 
 0 1 4 76 59  21 (D 0,1,1) (S 45,6,12) (S 19,12,17) (S 53,17,13) (S 62,18,17) (S 53,17,13) (S 3,18,22) (S 7,22,25) (S 13,25,24) (S 4,24,23) (S 6,23,20) (S 19,17,12) (S 32,12,6) (D 0,1,1) 
 0 1 5 138 89  32 (D 0,1,1) (S 23,1,2) (S 14,2,36) (S 58,36,37) (S 10,30,29) (S 10,29,30) (S 50,30,31) (S 35,31,30) (S 50,30,31) (S 60,31,37) (S 56,37,38) (S 52,38,39) (S 27,5,39) (S 59,5,4) (S 24,4,3) (S 12,3,7) (S 5,7,13) (S 3,18,22) (S 26,22,21) (S 42,21,22) (S 26,22,21) (S 43,21,20) (S 6,20,23) (S 6,23,20) (S 19,17,12) (S 32,12,6) (D 0,1,1) 
 0 1 6 170 116  34 (D 0,1,1) (S 37,1,8) (S 16,8,14) (S 30,15,16) (S 9,16,11) (S 46,11,1) (S 18,1,35) (S 61,35,28) (S 34,28,27) (S 2,27,34) (S 15,33,1) (S 39,6,7) (S 5,7,13) (S 3,18,22) (S 26,22,21) (S 22,21,24) (S 55,24,21) (S 42,21,22) (S 3,22,18) (S 33,18,13) (S 5,13,7) (S 12,7,3) (S 48,3,4) (S 11,4,38) (S 52,38,39) (S 36,39,38) (S 44,38,37) (S 29,37,36) (S 14,36,2) (D 0,1,1) 
