95
6
360100
19267900
 0 1 1 14 20  21 (D 0,1,1) (S 23,1,7) (S 17,3,10) (S 1,7,2) (S 24,2,8) (S 31,1,9) (S 30,2,11) (D 0,1,1) 
 0 1 2 16 12  14 (D 0,1,1) (S 2,1,4) (S 13,4,9) (S 23,1,7) (S 14,7,11) (D 0,1,1) 
 0 1 3 8 21  14 (D 0,1,1) (S 26,6,9) (S 1,7,2) (S 5,2,3) (S 28,1,5) (S 16,5,8) (D 0,1,1) 
 0 1 4 13 11  13 (D 0,1,1) (S 31,1,9) (S 1,2,7) (S 14,7,11) (S 17,3,10) (D 0,1,1) 
 0 1 5 15 20  8 (D 0,1,1) (S 19,1,8) (S 6,8,4) (S 13,4,9) (D 0,1,1) 
 0 1 6 9 11  5 (D 0,1,1) (S 28,1,5) (S 22,5,11) (D 0,1,1) 
