574
7
11048800
430981300
 0 1 1 84 58  35 (D 0,1,1) (S 5,15,24) (S 95,24,23) (S 23,23,14) (S 55,14,22) (S 11,21,13) (S 11,13,21) (S 25,21,20) (S 25,20,21) (S 28,21,26) (S 51,25,33) (S 60,34,35) (S 10,35,36) (S 53,36,38) (S 84,38,37) (S 72,37,38) (S 18,38,46) (S 18,46,38) (S 36,38,36) (S 76,28,27) (S 65,27,28) (S 78,23,15) (D 0,1,1) 
 0 1 2 93 67  31 (D 0,1,1) (S 80,1,5) (S 15,5,2) (S 31,2,3) (S 90,3,2) (S 15,2,5) (S 16,5,10) (S 32,10,11) (S 22,11,18) (S 20,18,17) (S 20,17,18) (S 42,18,19) (S 6,19,12) (S 39,12,7) (S 94,7,12) (S 85,12,11) (S 7,6,3) (S 44,3,4) (S 97,4,3) (S 90,3,2) (S 15,2,5) (S 57,5,1) (S 30,15,23) (S 76,28,27) (S 65,27,28) (S 78,23,15) (D 0,1,1) 
 0 1 3 97 70  29 (D 0,1,1) (S 29,1,16) (S 61,16,17) (S 1,17,31) (S 89,31,32) (S 14,32,40) (S 14,40,32) (S 49,32,31) (S 71,31,39) (S 79,39,30) (S 13,30,29) (S 64,29,37) (S 91,37,29) (S 13,29,30) (S 33,30,24) (S 43,24,29) (S 87,29,23) (S 48,23,29) (S 95,24,23) (S 76,28,27) (S 75,25,26) (S 28,26,21) (S 11,21,13) (S 47,13,9) (S 70,9,1) (D 0,1,1) 
 0 1 4 113 73  24 (D 0,1,1) (S 80,1,5) (S 38,5,6) (S 57,5,1) (S 37,1,9) (S 70,9,1) (S 37,1,9) (S 93,9,13) (S 47,13,9) (S 23,14,23) (S 9,23,22) (S 50,22,14) (S 27,14,15) (S 34,15,16) (S 41,16,1) (S 29,1,16) (S 82,16,15) (S 5,15,24) (S 3,24,17) (S 81,17,10) (S 16,10,5) (S 57,5,1) (D 0,1,1) 
 0 1 5 162 94  30 (D 0,1,1) (S 80,1,5) (S 38,5,6) (S 24,7,4) (S 24,4,7) (S 94,7,12) (S 6,12,19) (S 77,19,32) (S 58,32,19) (S 77,19,32) (S 49,32,31) (S 71,31,39) (S 56,39,38) (S 18,38,46) (S 21,46,50) (S 19,50,45) (S 92,45,44) (S 8,44,36) (S 10,36,35) (S 86,35,43) (S 12,43,42) (S 2,42,41) (S 4,41,33) (S 59,25,20) (S 25,20,21) (S 11,21,13) (S 47,13,9) (S 70,9,1) (D 0,1,1) 
 0 1 6 158 102  36 (D 0,1,1) (S 30,15,23) (S 73,28,22) (S 25,21,20) (S 46,20,25) (S 51,25,33) (S 4,33,41) (S 2,41,42) (S 17,42,34) (S 17,34,42) (S 12,42,43) (S 35,43,44) (S 54,43,35) (S 10,35,36) (S 53,36,38) (S 18,38,46) (S 66,45,49) (S 45,49,45) (S 66,45,49) (S 67,49,48) (S 68,48,49) (S 21,50,46) (S 18,46,38) (S 40,39,31) (S 1,31,17) (S 81,17,10) (S 16,10,5) (S 57,5,1) (D 0,1,1) 
 0 1 7 124 110  29 (D 0,1,1) (S 30,15,23) (S 26,28,29) (S 13,29,30) (S 74,30,17) (S 96,47,39) (S 56,39,38) (S 36,38,36) (S 10,36,35) (S 86,35,43) (S 69,43,48) (S 63,48,43) (S 12,43,42) (S 17,42,34) (S 28,26,21) (S 11,21,13) (S 62,13,8) (S 88,8,9) (S 93,9,13) (S 62,13,8) (S 52,8,13) (S 47,13,9) (S 70,9,1) (D 0,1,1) 
