394
7
1498900
29698400
 0 1 1 52 45  21 (D 0,1,1) (S 2,1,5) (S 39,2,10) (S 12,3,4) (S 18,4,5) (S 2,5,1) (S 27,1,19) (S 28,19,9) (S 16,10,2) (S 2,5,1) (D 0,1,1) 
 0 1 2 111 64  18 (D 0,1,1) (S 27,1,19) (S 15,19,20) (S 23,20,15) (S 29,20,21) (S 34,21,15) (S 4,20,1) (S 2,1,5) (S 13,5,6) (S 8,6,12) (S 5,12,16) (S 19,16,17) (S 24,17,16) (S 4,20,1) (D 0,1,1) 
 0 1 3 111 65  17 (D 0,1,1) (S 4,1,20) (S 29,20,21) (S 38,21,24) (S 9,24,23) (S 10,23,21) (S 34,21,15) (S 4,20,1) (S 2,1,5) (S 13,5,6) (S 8,6,12) (S 17,12,17) (S 24,17,16) (S 4,20,1) (D 0,1,1) 
 0 1 4 68 46  16 (D 0,1,1) (S 22,1,11) (S 6,11,6) (S 30,6,7) (S 14,7,6) (S 30,6,7) (S 1,7,13) (S 24,17,16) (S 19,16,17) (S 32,17,13) (S 24,17,16) (S 4,20,1) (D 0,1,1) 
 0 1 5 103 67  19 (D 0,1,1) (S 27,1,19) (S 33,19,22) (S 9,23,24) (S 25,24,21) (S 34,21,15) (S 4,20,1) (S 2,1,5) (S 13,5,6) (S 8,6,12) (S 17,12,17) (S 37,18,17) (S 24,17,16) (S 4,20,1) (D 0,1,1) 
 0 1 6 119 81  19 (D 0,1,1) (S 22,1,11) (S 26,11,1) (S 2,1,5) (S 13,5,6) (S 8,6,12) (S 5,12,16) (S 19,16,17) (S 21,17,12) (S 17,12,17) (S 3,18,14) (S 11,14,13) (S 1,13,7) (S 7,7,8) (S 7,8,7) (S 14,7,6) (S 31,6,5) (S 2,5,1) (D 0,1,1) 
 0 1 7 27 26  5 (D 0,1,1) (S 2,1,5) (S 13,5,6) (S 31,6,5) (S 2,5,1) (D 0,1,1) 
