108
7
315100
22420600
 0 1 1 18 13  18 (D 0,1,1) (S 4,1,11) (S 22,3,5) (S 14,4,6) (S 9,2,1) (D 0,1,1) 
 0 1 2 35 13  10 (D 0,1,1) (S 4,1,11) (S 4,11,1) (S 29,1,8) (S 3,8,6) (S 9,2,1) (D 0,1,1) 
 0 1 3 46 17  10 (D 0,1,1) (S 36,1,7) (S 26,7,11) (S 13,2,11) (S 4,11,1) (S 29,1,8) (S 3,8,6) (S 9,2,1) (D 0,1,1) 
 0 1 4 11 14  7 (D 0,1,1) (S 2,9,8) (S 5,8,5) (D 0,1,1) 
 0 1 5 16 20  15 (D 0,1,1) (S 29,1,8) (S 5,8,5) (S 37,3,6) (S 13,2,11) (D 0,1,1) 
 0 1 6 14 15  10 (D 0,1,1) (S 9,1,2) (S 24,2,6) (S 27,6,10) (D 0,1,1) 
 0 1 7 13 16  14 (D 0,1,1) (S 9,1,2) (S 24,2,6) (S 18,4,5) (D 0,1,1) 
