746
6
3665300
117622200
 0 1 1 164 105  28 (D 0,1,1) (S 35,1,7) (S 34,7,13) (S 4,13,12) (S 4,12,13) (S 10,13,14) (S 2,14,15) (S 54,15,21) (S 51,21,20) (S 59,20,26) (S 43,26,20) (S 62,20,14) (S 2,14,15) (S 27,15,9) (S 3,10,16) (S 6,16,17) (S 30,17,11) (S 45,11,10) (S 3,10,16) (S 57,16,23) (S 20,23,22) (S 7,22,15) (S 2,15,14) (S 10,14,13) (S 4,13,12) (S 16,12,6) (D 0,1,1) 
 0 1 2 62 71  18 (D 0,1,1) (S 52,6,7) (S 34,7,13) (S 4,13,12) (S 42,18,12) (S 14,19,25) (S 41,25,30) (S 1,30,29) (S 28,29,25) (S 14,25,19) (S 16,12,6) (D 0,1,1) 
 0 1 3 134 127  25 (D 0,1,1) (S 13,1,2) (S 12,2,13) (S 5,13,19) (S 48,19,20) (S 64,20,19) (S 14,19,25) (S 60,25,29) (S 1,29,30) (S 11,30,31) (S 53,31,32) (S 49,32,27) (S 37,27,28) (S 61,28,34) (S 8,28,23) (S 20,23,22) (S 7,22,15) (S 27,15,9) (S 24,3,4) (S 25,3,2) (S 13,2,1) (D 0,1,1) 
 0 1 4 140 139  25 (D 0,1,1) (S 52,6,7) (S 34,7,13) (S 10,13,14) (S 29,8,9) (S 26,9,15) (S 54,15,21) (S 63,21,15) (S 7,15,22) (S 50,22,28) (S 19,22,21) (S 19,21,22) (S 20,22,23) (S 18,23,24) (S 56,24,17) (S 58,17,24) (S 47,24,11) (S 44,11,5) (S 32,5,4) (S 25,3,2) (S 13,2,1) (D 0,1,1) 
 0 1 5 139 151  25 (D 0,1,1) (S 22,6,18) (S 23,18,29) (S 28,29,25) (S 15,25,26) (S 9,26,31) (S 53,31,32) (S 55,34,24) (S 47,24,11) (S 36,11,17) (S 6,17,16) (S 40,16,15) (S 27,15,9) (S 17,10,4) (S 44,11,5) (S 39,5,11) (S 45,11,10) (S 25,3,2) (S 13,2,1) (D 0,1,1) 
 0 1 6 149 153  31 (D 0,1,1) (S 16,6,12) (S 4,12,13) (S 10,13,14) (S 2,14,15) (S 27,15,9) (S 33,3,10) (S 25,3,2) (S 29,8,9) (S 31,10,11) (S 45,11,10) (S 3,10,16) (S 57,16,23) (S 8,23,28) (S 38,28,27) (S 63,21,15) (S 27,15,9) (S 31,10,11) (S 44,11,5) (S 32,5,4) (S 25,3,2) (S 13,2,1) (D 0,1,1) 
