643
6
2747100
63486100
 0 1 1 102 78  19 (D 0,1,1) (S 13,1,5) (S 13,5,1) (S 17,1,2) (S 49,2,3) (S 35,3,2) (S 34,2,9) (S 45,9,10) (S 38,10,9) (S 31,9,2) (S 17,2,1) (S 4,1,8) (S 52,8,13) (S 15,13,12) (S 27,12,11) (S 15,12,13) (S 47,13,8) (S 4,8,1) (D 0,1,1) 
 0 1 2 115 87  21 (D 0,1,1) (S 13,1,5) (S 8,5,8) (S 10,8,9) (S 40,15,9) (S 45,9,10) (S 5,10,15) (S 6,15,14) (S 43,14,17) (S 14,17,22) (S 12,22,25) (S 23,30,25) (S 12,25,22) (S 46,22,29) (S 50,29,22) (S 14,22,17) (S 54,14,8) (S 4,8,1) (D 0,1,1) 
 0 1 3 121 116  22 (D 0,1,1) (S 4,1,8) (S 2,8,7) (S 25,7,4) (S 56,4,7) (S 28,7,6) (S 53,6,7) (S 25,7,4) (S 22,4,5) (S 8,5,8) (S 20,14,13) (S 47,13,8) (S 52,8,13) (S 26,13,16) (S 33,16,12) (S 44,12,16) (S 11,16,21) (S 11,21,16) (S 37,16,13) (S 47,13,8) (S 4,8,1) (D 0,1,1) 
 0 1 4 118 122  24 (D 0,1,1) (S 4,1,8) (S 54,14,8) (S 43,14,17) (S 14,17,22) (S 12,22,25) (S 48,25,29) (S 50,29,22) (S 21,22,21) (S 7,21,28) (S 19,24,27) (S 1,27,20) (S 39,20,16) (S 37,16,13) (S 26,13,16) (S 11,16,21) (S 42,21,22) (S 14,22,17) (S 54,14,8) (S 4,8,1) (D 0,1,1) 
 0 1 5 145 128  27 (D 0,1,1) (S 17,1,2) (S 34,2,9) (S 45,9,10) (S 9,10,19) (S 30,17,13) (S 15,13,12) (S 27,12,11) (S 36,11,16) (S 3,16,17) (S 14,17,22) (S 12,22,25) (S 18,30,26) (S 18,26,30) (S 24,30,23) (S 51,23,18) (S 14,17,22) (S 46,22,29) (S 41,29,21) (S 11,21,16) (S 37,16,13) (S 47,13,8) (S 4,8,1) (D 0,1,1) 
 0 1 6 99 112  20 (D 0,1,1) (S 4,1,8) (S 52,8,13) (S 15,13,12) (S 27,12,11) (S 16,11,20) (S 57,28,29) (S 55,30,29) (S 41,29,21) (S 32,21,29) (S 24,30,23) (S 29,23,22) (S 14,22,17) (S 54,14,8) (S 4,8,1) (D 0,1,1) 
