7115
9
9696600
485481700
 0 1 1 4531 611  30 (D 0,1,1) (S 5,1,2) (S 7,2,11) (S 20,11,10) (S 18,10,1) (S 5,1,2) (S 6,2,3) (S 9,3,12) (S 20,11,10) (S 19,10,18) (S 30,19,20) (S 50,31,38) (S 59,43,42) (S 47,29,30) (S 49,31,32) (S 2,33,27) (S 46,27,21) (S 35,21,20) (S 32,20,19) (S 29,19,11) (S 20,11,10) (S 18,10,1) (D 0,1,1) 
 0 1 2 6714 861  40 (D 0,1,1) (S 5,1,2) (S 6,2,3) (S 8,3,4) (S 10,4,3) (S 8,3,4) (S 11,6,14) (S 24,14,23) (S 38,23,14) (S 23,14,13) (S 21,13,5) (S 12,7,8) (S 15,8,16) (S 14,8,9) (S 16,9,8) (S 15,8,16) (S 28,16,26) (S 45,26,17) (S 26,16,15) (S 24,14,23) (S 40,23,24) (S 41,24,25) (S 43,25,16) (S 26,16,15) (S 24,14,23) (S 39,23,22) (S 37,22,21) (S 35,21,20) (S 32,20,19) (S 29,19,11) (S 20,11,10) (S 18,10,1) (D 0,1,1) 
 0 1 3 7639 915  45 (D 0,1,1) (S 5,1,2) (S 7,2,11) (S 20,11,10) (S 19,10,18) (S 29,19,11) (S 20,11,10) (S 19,10,18) (S 47,29,30) (S 50,31,38) (S 3,38,39) (S 57,39,32) (S 51,32,39) (S 58,39,40) (S 3,39,38) (S 60,43,44) (S 62,44,45) (S 4,45,40) (S 3,39,38) (S 60,43,44) (S 61,44,39) (S 57,39,32) (S 2,33,27) (S 46,27,21) (S 35,21,20) (S 32,20,19) (S 30,19,20) (S 49,31,32) (S 2,33,27) (S 46,27,21) (S 35,21,20) (S 32,20,19) (S 29,19,11) (S 20,11,10) (S 18,10,1) (D 0,1,1) 
 0 1 4 7273 1033  45 (D 0,1,1) (S 5,1,2) (S 7,2,11) (S 20,11,10) (S 19,10,18) (S 30,19,20) (S 31,20,12) (S 20,11,10) (S 19,10,18) (S 47,29,30) (S 48,30,42) (S 47,29,30) (S 50,31,38) (S 60,43,44) (S 62,44,45) (S 4,45,40) (S 57,39,32) (S 2,33,27) (S 54,34,35) (S 1,35,23) (S 40,23,24) (S 42,24,36) (S 56,36,48) (S 67,48,47) (S 66,47,46) (S 63,46,34) (S 53,34,33) (S 2,33,27) (S 46,27,21) (S 35,21,20) (S 32,20,19) (S 29,19,11) (S 20,11,10) (S 18,10,1) (D 0,1,1) 
 0 1 5 5598 750  33 (D 0,1,1) (S 5,1,2) (S 6,2,3) (S 8,3,4) (S 12,7,8) (S 14,8,9) (S 17,9,17) (S 26,16,15) (S 25,15,24) (S 41,24,25) (S 43,25,16) (S 27,16,25) (S 43,25,16) (S 26,16,15) (S 24,14,23) (S 39,23,22) (S 37,22,21) (S 36,21,27) (S 53,34,33) (S 2,33,27) (S 46,27,21) (S 35,21,20) (S 32,20,19) (S 29,19,11) (S 20,11,10) (S 18,10,1) (D 0,1,1) 
 0 1 6 4527 581  26 (D 0,1,1) (S 5,1,2) (S 6,2,3) (S 8,3,4) (S 13,7,16) (S 28,16,26) (S 44,26,16) (S 14,8,9) (S 16,9,8) (S 15,8,16) (S 26,16,15) (S 24,14,23) (S 39,23,22) (S 37,22,21) (S 36,21,27) (S 46,27,21) (S 35,21,20) (S 32,20,19) (S 29,19,11) (S 20,11,10) (S 18,10,1) (D 0,1,1) 
 0 1 7 6557 934  34 (D 0,1,1) (S 5,1,2) (S 6,2,3) (S 8,3,4) (S 11,6,14) (S 23,14,13) (S 22,13,22) (S 37,22,21) (S 33,21,4) (S 11,6,14) (S 24,14,23) (S 1,23,35) (S 1,35,23) (S 40,23,24) (S 42,24,36) (S 55,36,35) (S 1,35,23) (S 40,23,24) (S 42,24,36) (S 56,36,48) (S 67,48,47) (S 65,47,35) (S 1,35,23) (S 39,23,22) (S 37,22,21) (S 35,21,20) (S 32,20,19) (S 29,19,11) (S 20,11,10) (S 18,10,1) (D 0,1,1) 
 0 1 8 6076 817  36 (D 0,1,1) (S 5,1,2) (S 7,2,11) (S 20,11,10) (S 19,10,18) (S 47,29,30) (S 49,31,32) (S 52,33,40) (S 57,39,32) (S 2,33,27) (S 46,27,21) (S 34,21,5) (S 11,6,14) (S 24,14,23) (S 40,23,24) (S 42,24,36) (S 56,36,48) (S 67,48,47) (S 66,47,46) (S 64,46,47) (S 66,47,46) (S 63,46,34) (S 53,34,33) (S 2,33,27) (S 46,27,21) (S 35,21,20) (S 32,20,19) (S 29,19,11) (S 20,11,10) (S 18,10,1) (D 0,1,1) 
 0 1 9 4115 613  23 (D 0,1,1) (S 5,1,2) (S 6,2,3) (S 8,3,4) (S 11,6,14) (S 24,14,23) (S 40,23,24) (S 42,24,36) (S 56,36,48) (S 68,48,49) (S 55,36,35) (S 1,35,23) (S 39,23,22) (S 37,22,21) (S 35,21,20) (S 32,20,19) (S 29,19,11) (S 20,11,10) (S 18,10,1) (D 0,1,1) 
