919
7
6093700
372367600
 0 1 1 116 92  34 (D 0,1,1) (S 33,1,2) (S 1,3,9) (S 7,9,8) (S 46,8,7) (S 19,7,8) (S 7,8,9) (S 55,10,15) (S 31,15,10) (S 13,10,11) (S 4,11,17) (S 18,17,20) (S 41,20,17) (S 18,17,20) (S 58,20,19) (S 23,19,16) (S 38,16,19) (S 5,20,21) (S 8,21,22) (S 35,22,28) (S 39,28,22) (S 35,22,28) (S 72,28,27) (S 43,27,20) (S 41,20,17) (S 4,17,11) (S 13,11,10) (S 7,9,8) (S 46,8,7) (S 70,7,1) (D 0,1,1) 
 0 1 2 105 83  24 (D 0,1,1) (S 26,1,7) (S 70,7,1) (S 33,1,2) (S 67,3,4) (S 6,4,5) (S 6,5,4) (S 25,4,10) (S 13,10,11) (S 16,11,5) (S 11,5,6) (S 27,6,12) (S 68,11,12) (S 4,11,17) (S 14,17,16) (S 31,15,10) (S 7,9,8) (S 46,8,7) (S 70,7,1) (D 0,1,1) 
 0 1 3 131 120  31 (D 0,1,1) (S 33,1,2) (S 61,2,8) (S 60,8,2) (S 1,3,9) (S 55,10,15) (S 10,15,25) (S 65,25,26) (S 36,26,25) (S 9,25,31) (S 32,31,35) (S 34,35,34) (S 28,34,35) (S 77,35,36) (S 12,36,40) (S 63,40,39) (S 22,40,41) (S 53,41,37) (S 49,33,27) (S 43,27,20) (S 41,20,17) (S 4,17,11) (S 13,11,10) (S 7,9,8) (S 46,8,7) (S 70,7,1) (D 0,1,1) 
 0 1 4 116 135  38 (D 0,1,1) (S 33,1,2) (S 1,3,9) (S 52,14,13) (S 44,13,7) (S 19,7,8) (S 7,8,9) (S 54,24,14) (S 42,23,14) (S 69,23,24) (S 2,24,30) (S 29,30,29) (S 50,29,30) (S 29,30,29) (S 51,29,23) (S 47,23,29) (S 51,29,23) (S 42,23,14) (S 38,16,19) (S 37,19,26) (S 23,19,16) (S 31,15,10) (S 7,9,8) (S 46,8,7) (S 70,7,1) (D 0,1,1) 
 0 1 5 154 152  37 (D 0,1,1) (S 33,1,2) (S 67,3,4) (S 76,4,3) (S 1,3,9) (S 13,10,11) (S 4,11,17) (S 18,17,20) (S 15,27,32) (S 71,32,26) (S 62,26,32) (S 15,32,27) (S 43,27,20) (S 45,27,33) (S 49,33,27) (S 21,27,26) (S 62,26,32) (S 57,32,36) (S 12,36,40) (S 22,40,41) (S 53,41,37) (S 59,37,41) (S 53,41,37) (S 49,33,27) (S 43,27,20) (S 41,20,17) (S 4,17,11) (S 13,11,10) (S 7,9,8) (S 46,8,7) (S 70,7,1) (D 0,1,1) 
 0 1 6 194 215  44 (D 0,1,1) (S 33,1,2) (S 1,3,9) (S 13,10,11) (S 4,11,17) (S 17,18,22) (S 8,22,21) (S 5,21,20) (S 58,20,19) (S 23,19,16) (S 52,14,13) (S 56,13,23) (S 24,13,14) (S 9,25,31) (S 74,31,32) (S 57,32,36) (S 73,36,32) (S 57,32,36) (S 12,36,40) (S 63,40,39) (S 48,39,38) (S 75,38,34) (S 30,34,38) (S 64,38,39) (S 77,35,36) (S 73,36,32) (S 15,32,27) (S 43,27,20) (S 41,20,17) (S 4,17,11) (S 13,11,10) (S 7,9,8) (S 46,8,7) (S 70,7,1) (D 0,1,1) 
 0 1 7 103 122  21 (D 0,1,1) (S 33,1,2) (S 1,3,9) (S 2,24,30) (S 3,30,31) (S 32,31,35) (S 20,35,39) (S 34,35,34) (S 66,34,29) (S 40,29,34) (S 66,34,29) (S 51,29,23) (S 42,23,14) (S 7,9,8) (S 46,8,7) (S 70,7,1) (D 0,1,1) 
