106
7
301700
11733900
 0 1 1 10 14  9 (D 0,1,1) (S 12,1,10) (S 23,4,5) (S 18,2,7) (D 0,1,1) 
 0 1 2 24 11  11 (D 0,1,1) (S 24,1,4) (S 11,4,10) (S 31,3,7) (S 14,7,9) (D 0,1,1) 
 0 1 3 24 18  11 (D 0,1,1) (S 25,1,2) (S 28,2,6) (S 18,2,7) (S 12,1,10) (S 7,5,8) (D 0,1,1) 
 0 1 4 13 21  16 (D 0,1,1) (S 12,1,10) (S 14,7,9) (D 0,1,1) 
 0 1 5 25 14  11 (D 0,1,1) (S 25,1,2) (S 27,2,4) (S 11,4,10) (S 31,3,7) (D 0,1,1) 
 0 1 6 9 14  10 (D 0,1,1) (S 24,1,4) (S 6,3,8) (D 0,1,1) 
 0 1 7 17 14  8 (D 0,1,1) (S 26,1,5) (S 10,3,10) (S 5,10,6) (D 0,1,1) 
