859
6
5757300
368303400
 0 1 1 137 135  44 (D 0,1,1) (S 21,1,2) (S 9,3,9) (S 38,10,15) (S 37,16,19) (S 18,19,16) (S 24,16,15) (S 12,11,17) (S 8,17,18) (S 8,18,17) (S 49,20,17) (S 45,20,19) (S 18,19,16) (S 13,16,11) (S 39,11,5) (S 65,4,3) (S 9,3,9) (S 52,8,7) (S 42,7,8) (S 5,9,14) (S 30,14,24) (S 34,24,23) (S 2,24,25) (S 7,25,31) (S 35,35,34) (S 43,34,29) (S 62,29,23) (S 53,23,14) (S 5,14,9) (S 52,8,7) (D 0,1,1) 
 0 1 2 152 162  42 (D 0,1,1) (S 22,1,7) (S 42,7,8) (S 9,9,3) (S 40,3,4) (S 60,11,12) (S 31,12,11) (S 12,11,17) (S 3,20,21) (S 3,21,20) (S 46,20,27) (S 63,27,21) (S 3,21,20) (S 46,20,27) (S 6,27,32) (S 25,32,26) (S 54,26,25) (S 2,25,24) (S 34,24,23) (S 53,23,14) (S 30,14,24) (S 2,24,25) (S 7,25,31) (S 50,35,39) (S 16,39,40) (S 58,40,41) (S 47,37,33) (S 49,20,17) (S 12,17,11) (S 52,8,7) (D 0,1,1) 
 0 1 3 133 135  32 (D 0,1,1) (S 21,1,2) (S 17,2,8) (S 51,8,2) (S 9,3,9) (S 38,10,15) (S 10,15,25) (S 61,25,26) (S 20,26,32) (S 6,32,27) (S 33,27,26) (S 54,26,25) (S 7,25,31) (S 35,35,34) (S 26,34,35) (S 4,36,40) (S 15,40,39) (S 44,39,36) (S 48,36,32) (S 6,32,27) (S 49,20,17) (S 12,17,11) (S 52,8,7) (D 0,1,1) 
 0 1 4 113 133  34 (D 0,1,1) (S 21,1,2) (S 9,3,9) (S 5,9,14) (S 14,14,13) (S 28,13,7) (S 42,7,8) (S 38,10,15) (S 1,16,17) (S 8,17,18) (S 19,28,22) (S 36,28,27) (S 6,27,32) (S 41,32,36) (S 4,36,40) (S 58,40,41) (S 47,37,33) (S 49,20,17) (S 12,17,11) (S 52,8,7) (D 0,1,1) 
 0 1 5 167 206  42 (D 0,1,1) (S 21,1,2) (S 9,3,9) (S 5,9,14) (S 30,14,24) (S 34,24,23) (S 23,23,13) (S 66,29,30) (S 62,29,23) (S 2,24,25) (S 7,25,31) (S 27,31,32) (S 41,32,36) (S 32,36,35) (S 50,35,39) (S 44,39,36) (S 48,36,32) (S 41,32,36) (S 29,37,41) (S 59,37,36) (S 4,36,40) (S 15,40,39) (S 56,39,38) (S 64,38,39) (S 44,39,36) (S 48,36,32) (S 6,32,27) (S 49,20,17) (S 12,17,11) (S 52,8,7) (D 0,1,1) 
 0 1 6 81 88  21 (D 0,1,1) (S 21,1,2) (S 9,3,9) (S 5,9,14) (S 30,14,24) (S 11,30,31) (S 35,35,34) (S 55,38,34) (S 43,34,29) (S 62,29,23) (S 53,23,14) (S 5,14,9) (S 52,8,7) (D 0,1,1) 
