736
6
6488900
626756900
 0 1 1 96 92  45 (D 0,1,1) (S 10,3,9) (S 9,9,8) (S 9,8,9) (S 7,10,11) (S 6,11,17) (S 52,17,20) (S 31,20,19) (S 16,16,15) (S 5,15,14) (S 5,14,15) (S 30,15,16) (S 2,16,11) (S 55,11,5) (S 33,4,10) (S 9,9,8) (S 46,7,1) (S 10,3,9) (S 29,24,23) (S 9,9,8) (S 46,7,1) (D 0,1,1) 
 0 1 2 151 162  40 (D 0,1,1) (S 19,1,7) (S 48,7,8) (S 23,8,2) (S 35,3,4) (S 15,4,3) (S 10,3,9) (S 7,10,11) (S 59,11,12) (S 26,12,6) (S 51,6,12) (S 41,12,11) (S 6,11,17) (S 52,17,20) (S 53,20,27) (S 49,27,21) (S 56,22,28) (S 61,28,22) (S 56,22,28) (S 32,28,27) (S 21,27,33) (S 24,33,27) (S 1,36,40) (S 42,40,39) (S 47,39,36) (S 6,17,11) (S 7,11,10) (S 9,9,8) (S 46,7,1) (D 0,1,1) 
 0 1 3 74 97  30 (D 0,1,1) (S 10,3,9) (S 36,13,23) (S 50,23,24) (S 29,24,23) (S 12,30,31) (S 3,31,25) (S 39,25,26) (S 22,26,32) (S 6,17,11) (S 7,11,10) (S 9,9,8) (S 46,7,1) (D 0,1,1) 
 0 1 4 118 125  30 (D 0,1,1) (S 10,3,9) (S 38,10,15) (S 11,15,25) (S 39,25,26) (S 20,26,19) (S 8,16,17) (S 54,18,22) (S 56,22,28) (S 32,28,27) (S 21,27,33) (S 24,33,27) (S 17,37,33) (S 24,33,27) (S 6,17,11) (S 7,11,10) (S 9,9,8) (S 46,7,1) (D 0,1,1) 
 0 1 5 152 195  43 (D 0,1,1) (S 10,3,9) (S 57,13,7) (S 48,7,8) (S 9,8,9) (S 38,10,15) (S 11,15,25) (S 3,25,31) (S 43,35,36) (S 1,36,40) (S 42,40,39) (S 47,39,36) (S 1,36,40) (S 45,41,40) (S 42,40,39) (S 28,39,38) (S 13,38,39) (S 40,39,35) (S 37,34,38) (S 44,35,39) (S 47,39,36) (S 60,37,36) (S 6,17,11) (S 7,11,10) (S 9,9,8) (S 46,7,1) (D 0,1,1) 
 0 1 6 59 65  17 (D 0,1,1) (S 10,3,9) (S 38,10,15) (S 11,15,25) (S 3,25,31) (S 34,34,29) (S 58,29,23) (S 9,9,8) (S 46,7,1) (D 0,1,1) 
