709
6
5826900
5826900
 0 1 1 242 88  31 (D 0,1,1) (S 1,1,2) (S 10,2,6) (S 19,6,12) (S 85,12,6) (S 76,6,2) (S 67,2,1) (S 2,1,6) (S 68,6,1) (S 5,1,11) (S 28,11,16) (S 94,16,11) (S 71,11,1) (S 3,1,8) (S 69,8,1) (S 6,1,33) (S 61,33,34) (S 117,34,27) (S 50,27,28) (S 116,28,27) (S 51,27,34) (S 127,34,33) (S 72,33,1) (S 7,1,35) (S 73,35,1) (S 2,1,6) (S 18,6,7) (S 20,7,13) (S 86,13,7) (S 84,7,6) (S 68,6,1) (D 0,1,1) 
 0 1 2 226 102  39 (D 0,1,1) (S 8,1,40) (S 74,40,1) (S 1,1,2) (S 11,2,36) (S 77,36,2) (S 9,2,3) (S 12,3,4) (S 78,4,3) (S 13,3,7) (S 79,7,3) (S 14,3,37) (S 65,37,38) (S 131,38,37) (S 122,37,30) (S 55,30,31) (S 121,31,30) (S 56,30,37) (S 80,37,3) (S 12,3,4) (S 15,4,5) (S 17,5,39) (S 83,39,5) (S 81,5,4) (S 16,4,38) (S 82,38,4) (S 78,4,3) (S 13,3,7) (S 20,7,13) (S 31,13,17) (S 97,17,13) (S 32,13,18) (S 98,18,13) (S 86,13,7) (S 84,7,6) (S 18,6,7) (S 79,7,3) (S 75,3,2) (S 67,2,1) (D 0,1,1) 
 0 1 3 328 149  41 (D 0,1,1) (S 4,1,10) (S 90,10,9) (S 24,9,10) (S 90,10,9) (S 25,9,15) (S 91,15,9) (S 25,9,15) (S 35,15,16) (S 101,16,15) (S 100,15,14) (S 34,14,15) (S 91,15,9) (S 87,9,8) (S 21,8,9) (S 24,9,10) (S 26,10,16) (S 92,16,10) (S 70,10,1) (S 7,1,35) (S 73,35,1) (S 3,1,8) (S 23,8,40) (S 89,40,8) (S 22,8,14) (S 88,14,8) (S 69,8,1) (S 2,1,6) (S 19,6,12) (S 30,12,17) (S 96,17,12) (S 29,12,13) (S 32,13,18) (S 39,18,22) (S 44,22,25) (S 110,25,22) (S 105,22,18) (S 98,18,13) (S 86,13,7) (S 84,7,6) (S 68,6,1) (D 0,1,1) 
 0 1 4 275 119  32 (D 0,1,1) (S 1,1,2) (S 11,2,36) (S 64,36,37) (S 130,37,36) (S 120,36,29) (S 53,29,30) (S 119,30,29) (S 54,29,36) (S 129,36,35) (S 63,35,36) (S 64,36,37) (S 124,37,31) (S 59,31,38) (S 125,38,31) (S 57,31,32) (S 60,32,39) (S 126,39,32) (S 123,32,31) (S 58,31,37) (S 65,37,38) (S 66,38,39) (S 132,39,38) (S 82,38,4) (S 78,4,3) (S 13,3,7) (S 20,7,13) (S 33,13,19) (S 99,19,13) (S 86,13,7) (S 84,7,6) (S 68,6,1) (D 0,1,1) 
 0 1 5 337 157  35 (D 0,1,1) (S 6,1,33) (S 114,33,26) (S 47,26,27) (S 113,27,26) (S 48,26,33) (S 61,33,34) (S 115,34,26) (S 49,26,34) (S 62,34,35) (S 128,35,34) (S 117,34,27) (S 50,27,28) (S 52,28,35) (S 118,35,28) (S 116,28,27) (S 51,27,34) (S 127,34,33) (S 72,33,1) (S 5,1,11) (S 27,11,12) (S 93,12,11) (S 27,11,12) (S 30,12,17) (S 36,17,18) (S 38,18,19) (S 104,19,18) (S 102,18,17) (S 37,17,20) (S 40,20,21) (S 106,21,20) (S 103,20,17) (S 96,17,12) (S 85,12,6) (S 68,6,1) (D 0,1,1) 
 0 1 6 219 94  33 (D 0,1,1) (S 2,1,6) (S 18,6,7) (S 20,7,13) (S 95,13,12) (S 30,12,17) (S 37,17,20) (S 41,20,23) (S 45,23,24) (S 46,24,25) (S 110,25,22) (S 108,22,21) (S 42,21,22) (S 108,22,21) (S 106,21,20) (S 40,20,21) (S 43,21,24) (S 111,24,23) (S 107,23,20) (S 103,20,17) (S 97,17,13) (S 32,13,18) (S 39,18,22) (S 44,22,25) (S 112,25,24) (S 109,24,21) (S 42,21,22) (S 105,22,18) (S 38,18,19) (S 99,19,13) (S 86,13,7) (S 84,7,6) (S 68,6,1) (D 0,1,1) 
