506
7
5081600
5081600
 0 1 1 80 54  21 (D 0,1,1) (S 34,1,2) (S 65,2,1) (S 11,1,6) (S 47,6,12) (S 44,12,6) (S 1,2,36) (S 63,36,37) (S 64,37,38) (S 36,38,37) (S 55,37,30) (S 48,30,31) (S 42,31,30) (S 48,30,31) (S 4,31,38) (S 67,4,3) (S 3,3,7) (S 11,6,1) (D 0,1,1) 
 0 1 2 72 43  13 (D 0,1,1) (S 57,1,11) (S 13,11,16) (S 53,16,15) (S 29,15,9) (S 52,9,10) (S 41,10,9) (S 32,9,8) (S 35,8,9) (S 52,9,10) (S 20,10,1) (S 27,1,40) (S 31,40,1) (D 0,1,1) 
 0 1 3 84 61  18 (D 0,1,1) (S 18,1,33) (S 12,33,34) (S 6,34,27) (S 45,27,28) (S 16,27,26) (S 25,33,26) (S 28,34,35) (S 19,35,1) (S 11,1,6) (S 21,7,13) (S 21,13,7) (S 11,6,1) (D 0,1,1) 
 0 1 4 137 71  25 (D 0,1,1) (S 43,1,8) (S 66,8,40) (S 31,40,1) (S 57,1,11) (S 49,11,1) (S 34,1,2) (S 58,2,3) (S 3,3,7) (S 21,7,13) (S 62,18,13) (S 8,18,19) (S 8,19,18) (S 2,18,22) (S 10,22,25) (S 7,25,24) (S 7,24,25) (S 10,25,22) (S 2,22,18) (S 62,18,13) (S 21,13,7) (S 11,6,1) (D 0,1,1) 
 0 1 5 150 103  32 (D 0,1,1) (S 11,1,6) (S 47,6,12) (S 14,12,17) (S 40,17,13) (S 2,18,22) (S 50,22,21) (S 26,21,22) (S 50,22,21) (S 30,21,24) (S 17,23,20) (S 14,17,12) (S 56,12,11) (S 13,11,16) (S 51,16,10) (S 41,10,9) (S 32,9,8) (S 9,14,15) (S 13,16,11) (S 49,11,1) (S 34,1,2) (S 1,2,36) (S 63,36,37) (S 23,37,3) (S 3,3,7) (S 11,6,1) (D 0,1,1) 
 0 1 6 165 109  26 (D 0,1,1) (S 19,1,35) (S 5,35,36) (S 63,36,37) (S 54,37,36) (S 5,36,35) (S 38,35,34) (S 6,34,27) (S 45,27,28) (S 22,28,35) (S 39,35,28) (S 22,28,35) (S 5,35,36) (S 63,36,37) (S 64,37,38) (S 37,38,39) (S 15,39,32) (S 15,32,39) (S 59,39,5) (S 33,5,39) (S 59,39,5) (S 24,5,4) (S 67,4,3) (S 3,3,7) (S 11,6,1) (D 0,1,1) 
 0 1 7 92 65  18 (D 0,1,1) (S 34,1,2) (S 1,2,36) (S 48,30,31) (S 61,31,37) (S 64,37,38) (S 37,38,39) (S 15,39,32) (S 46,32,31) (S 4,31,38) (S 37,38,39) (S 60,39,38) (S 36,38,37) (S 54,37,36) (S 1,36,2) (S 65,2,1) (D 0,1,1) 
