425
6
1409400
1409400
 0 1 1 71 59  18 (D 0,1,1) (S 20,1,9) (S 3,9,3) (S 10,3,10) (S 2,2,5) (S 6,5,11) (S 6,11,5) (S 18,5,4) (S 15,4,5) (S 23,6,7) (S 5,7,13) (S 26,13,17) (S 36,17,16) (S 35,16,15) (D 0,1,1) 
 0 1 2 58 69  19 (D 0,1,1) (S 16,1,19) (S 12,19,20) (S 24,20,21) (S 9,24,23) (S 34,21,15) (S 19,16,17) (S 36,17,16) (S 35,16,15) (D 0,1,1) 
 0 1 3 95 103  25 (D 0,1,1) (S 27,20,15) (S 25,15,21) (S 34,21,15) (S 25,15,21) (S 11,23,22) (S 11,22,23) (S 9,23,24) (S 13,24,21) (S 34,21,15) (S 20,1,9) (S 28,9,19) (S 12,19,20) (S 35,16,15) (D 0,1,1) 
 0 1 4 82 50  12 (D 0,1,1) (S 16,1,19) (S 29,19,9) (S 3,9,3) (S 4,3,4) (S 15,4,5) (S 6,5,11) (S 8,11,6) (S 23,6,7) (S 32,6,5) (D 0,1,1) 
 0 1 5 82 76  20 (D 0,1,1) (S 30,11,1) (S 17,12,11) (S 8,11,6) (S 23,6,7) (S 5,7,13) (S 26,13,17) (S 36,17,16) (S 19,16,17) (S 14,17,13) (S 1,13,14) (S 7,14,18) (S 33,18,17) (S 22,17,12) (S 17,12,11) (S 30,11,1) (D 0,1,1) 
 0 1 6 35 68  13 (D 0,1,1) (S 32,6,5) (S 23,6,7) (S 31,8,14) (S 21,14,8) (S 32,6,5) (D 0,1,1) 
