209
8
572900
572900
 0 1 1 35 14  13 (D 0,1,1) (S 1,1,4) (S 1,4,1) (S 2,1,8) (S 2,8,1) (S 7,1,2) (S 18,2,4) (S 6,4,5) (S 14,3,7) (S 22,3,11) (D 0,1,1) 
 0 1 2 27 16  10 (D 0,1,1) (S 26,1,11) (S 28,1,7) (S 10,7,9) (S 29,3,5) (S 35,5,11) (D 0,1,1) 
 0 1 3 46 28  14 (D 0,1,1) (S 32,1,10) (S 15,3,10) (S 7,1,2) (S 34,2,6) (S 3,6,8) (S 2,8,1) (S 26,1,11) (S 8,11,6) (S 19,4,9) (D 0,1,1) 
 0 1 4 31 15  8 (D 0,1,1) (S 17,1,6) (S 31,2,11) (S 27,1,5) (S 24,5,8) (S 2,8,1) (D 0,1,1) 
 0 1 5 35 26  11 (D 0,1,1) (S 1,1,4) (S 40,4,10) (S 12,3,9) (S 4,9,6) (S 20,2,7) (S 30,3,8) (S 2,8,1) (D 0,1,1) 
 0 1 6 33 38  12 (D 0,1,1) (S 1,1,4) (S 21,4,11) (S 5,2,3) (S 13,3,4) (S 36,6,10) (S 33,1,3) (S 14,3,7) (D 0,1,1) 
 0 1 7 49 41  13 (D 0,1,1) (S 1,1,4) (S 38,4,7) (S 11,8,11) (S 34,2,6) (S 25,6,7) (S 10,7,9) (S 9,9,5) (S 6,5,4) (S 39,4,8) (S 2,8,1) (D 0,1,1) 
 0 1 8 47 31  10 (D 0,1,1) (S 7,1,2) (S 23,2,8) (S 2,8,1) (S 7,1,2) (S 37,2,10) (S 7,1,2) (S 16,2,5) (D 0,1,1) 
