322
6
1857600
1857600
 0 1 1 44 33  12 (D 0,1,1) (S 17,1,19) (S 15,2,12) (S 3,12,13) (S 1,13,14) (S 26,14,18) (S 13,18,25) (S 27,25,26) (S 20,26,27) (D 0,1,1) 
 0 1 2 27 65  19 (D 0,1,1) (S 16,2,1) (S 28,1,27) (S 20,26,27) (S 9,22,23) (S 29,23,26) (S 23,22,25) (S 21,16,17) (D 0,1,1) 
 0 1 3 32 47  14 (D 0,1,1) (S 6,1,15) (S 25,15,17) (S 22,13,15) (S 24,20,21) (S 1,14,13) (S 3,13,12) (S 16,2,1) (D 0,1,1) 
 0 1 4 26 41  10 (D 0,1,1) (S 4,3,8) (S 10,8,9) (S 11,5,6) (S 5,10,4) (D 0,1,1) 
 0 1 5 47 54  13 (D 0,1,1) (S 15,2,12) (S 3,12,13) (S 1,13,14) (S 26,14,18) (S 18,18,21) (S 2,21,22) (S 2,22,21) (S 8,21,25) (S 27,25,26) (S 20,26,27) (D 0,1,1) 
 0 1 6 30 82  17 (D 0,1,1) (S 14,23,24) (S 12,6,8) (S 7,10,11) (S 19,7,11) (S 7,11,10) (D 0,1,1) 
