416
7
413092900
413092900
0 1 1 49 51 16 (D 0,1,1) (S 24,1,19) (S 1,1,2) (S 19,12,13) (S 9,13,15) (S 12,15,17) (S 8,17,1) (S 10,1,24) (S 7,23,22) (S 28,22,25) (S 14,25,26) (S 2,27,1)
0 1 2 32 47 12 (D 0,1,1) (S 8,1,17) (S 6,15,1) (S 2,1,27) (S 7,23,22) (S 28,22,25) (S 14,25,26) (S 2,27,1)
0 1 3 36 75 23 (D 0,1,1) (S 18,3,6) (S 16,6,10) (S 3,10,4) (S 4,5,9) (S 4,9,5) (S 13,6,7) (S 25,7,11) (S 1,1,2) (S 19,12,13) (S 21,13,14) (S 1,2,1)
0 1 4 43 57 16 (D 0,1,1) (S 10,1,24) (S 31,24,27) (S 11,23,26) (S 34,23,24) (S 7,23,22) (S 28,22,25) (S 26,18,25) (S 14,25,26) (S 2,27,1)
0 1 5 32 60 13 (D 0,1,1) (S 32,3,8) (S 27,8,9) (S 4,9,5) (S 30,6,9) (S 4,9,5) (S 23,3,4)
0 1 6 36 52 15 (D 0,1,1) (S 1,1,2) (S 19,12,13) (S 21,13,14) (S 15,14,18) (S 29,20,21) (S 33,21,25) (S 17,14,20) (S 6,15,1)
0 1 7 26 74 16 (D 0,1,1) (S 6,1,15) (S 22,15,20) (S 20,14,21) (S 1,2,1) (S 18,3,6) (S 5,6,4)
