199
7
615900
615900
 0 1 1 35 29  18 (D 0,1,1) (S 4,1,11) (S 4,11,1) (S 9,1,2) (S 24,2,6) (S 14,4,6) (S 18,4,5) (S 22,3,5) (S 25,3,11) (S 37,3,6) (S 12,4,9) (D 0,1,1) 
 0 1 2 42 15  10 (D 0,1,1) (S 29,1,8) (S 32,1,4) (S 20,4,10) (S 10,10,11) (S 4,11,1) (S 35,1,6) (S 9,2,1) (D 0,1,1) 
 0 1 3 46 17  10 (D 0,1,1) (S 36,1,7) (S 26,7,11) (S 13,2,11) (S 4,11,1) (S 29,1,8) (S 3,8,6) (S 9,2,1) (D 0,1,1) 
 0 1 4 27 18  7 (D 0,1,1) (S 23,1,5) (S 5,5,8) (S 2,8,9) (S 1,9,3) (D 0,1,1) 
 0 1 5 55 47  15 (D 0,1,1) (S 9,1,2) (S 30,2,7) (S 7,7,5) (S 15,3,8) (S 31,8,11) (S 4,11,1) (S 32,1,4) (S 38,4,11) (S 4,11,1) (S 17,1,3) (S 37,3,6) (S 19,6,9) (D 0,1,1) 
 0 1 6 38 27  10 (D 0,1,1) (S 9,1,2) (S 21,2,3) (S 28,9,10) (S 8,10,2) (S 24,2,6) (S 16,6,7) (D 0,1,1) 
 0 1 7 38 46  14 (D 0,1,1) (S 32,1,4) (S 33,4,7) (S 6,9,2) (S 24,2,6) (S 27,6,10) (S 22,3,5) (S 11,5,6) (S 18,4,5) (S 34,5,9) (D 0,1,1) 
