1007
6
5000900
5000900
 0 1 1 158 135  44 (D 0,1,1) (S 51,1,2) (S 5,3,9) (S 14,9,8) (S 23,8,7) (S 18,7,8) (S 14,8,9) (S 5,9,3) (S 67,3,2) (S 5,3,9) (S 12,9,10) (S 13,10,11) (S 11,11,17) (S 6,17,18) (S 32,18,22) (S 8,22,21) (S 3,21,20) (S 61,20,17) (S 11,17,11) (S 22,11,5) (S 9,5,4) (S 31,4,10) (S 52,16,15) (S 59,31,35) (S 19,39,40) (S 41,40,41) (S 49,41,37) (S 29,37,33) (S 17,33,27) (S 42,27,20) (S 61,20,17) (S 11,17,11) (S 13,11,10) (S 12,10,9) (S 14,9,8) (S 23,8,7) (S 16,7,1) (D 0,1,1) 
 0 1 2 195 155  44 (D 0,1,1) (S 33,1,7) (S 16,7,1) (S 51,1,2) (S 5,3,9) (S 1,9,14) (S 39,14,24) (S 2,24,25) (S 53,25,26) (S 50,26,32) (S 63,27,21) (S 8,21,22) (S 72,22,28) (S 62,28,22) (S 8,22,21) (S 3,21,20) (S 28,19,20) (S 61,20,17) (S 11,17,11) (S 22,11,5) (S 9,5,4) (S 31,4,10) (S 13,10,11) (S 11,11,17) (S 68,32,36) (S 4,36,40) (S 41,40,41) (S 49,41,37) (S 29,37,33) (S 17,33,27) (S 42,27,20) (S 61,20,17) (S 11,17,11) (S 13,11,10) (S 12,10,9) (S 14,9,8) (S 23,8,7) (S 16,7,1) (D 0,1,1) 
 0 1 3 200 173  46 (D 0,1,1) (S 51,1,2) (S 25,3,4) (S 31,4,10) (S 13,10,11) (S 10,11,16) (S 28,19,20) (S 42,27,20) (S 61,20,17) (S 11,17,11) (S 22,11,5) (S 7,5,6) (S 66,6,12) (S 71,12,11) (S 13,11,10) (S 39,14,24) (S 69,24,14) (S 39,14,24) (S 26,23,14) (S 39,14,24) (S 40,23,29) (S 47,29,34) (S 54,35,36) (S 4,36,40) (S 41,40,41) (S 24,41,40) (S 41,40,41) (S 49,41,37) (S 29,37,33) (S 17,33,27) (S 42,27,20) (S 61,20,17) (S 11,17,11) (S 13,11,10) (S 12,10,9) (S 14,9,8) (S 23,8,7) (S 16,7,1) (D 0,1,1) 
 0 1 4 154 148  32 (D 0,1,1) (S 51,1,2) (S 30,2,8) (S 38,8,2) (S 5,3,9) (S 1,9,14) (S 39,14,24) (S 44,23,13) (S 58,13,23) (S 40,23,29) (S 27,29,23) (S 40,23,29) (S 21,30,29) (S 47,29,34) (S 65,34,38) (S 37,38,34) (S 54,35,36) (S 43,36,37) (S 29,37,33) (S 17,33,27) (S 42,27,20) (S 61,20,17) (S 11,17,11) (S 13,11,10) (S 12,10,9) (S 14,9,8) (S 23,8,7) (S 16,7,1) (D 0,1,1) 
 0 1 5 163 150  35 (D 0,1,1) (S 51,1,2) (S 5,3,9) (S 1,9,14) (S 64,13,7) (S 18,7,8) (S 14,8,9) (S 1,9,14) (S 34,13,14) (S 39,14,24) (S 2,24,25) (S 59,31,35) (S 54,35,36) (S 4,36,40) (S 70,39,36) (S 20,36,35) (S 54,35,36) (S 43,36,37) (S 46,37,41) (S 49,41,37) (S 29,37,33) (S 17,33,27) (S 42,27,20) (S 61,20,17) (S 11,17,11) (S 13,11,10) (S 12,10,9) (S 14,9,8) (S 23,8,7) (S 16,7,1) (D 0,1,1) 
 0 1 6 194 246  48 (D 0,1,1) (S 51,1,2) (S 5,3,9) (S 12,9,10) (S 55,26,19) (S 28,19,20) (S 15,32,26) (S 50,26,32) (S 68,32,36) (S 56,36,32) (S 63,27,21) (S 8,21,22) (S 72,22,28) (S 36,28,27) (S 48,31,32) (S 68,32,36) (S 43,36,37) (S 35,37,36) (S 4,36,40) (S 60,39,35) (S 45,34,29) (S 47,29,34) (S 65,34,38) (S 57,38,39) (S 70,39,36) (S 56,36,32) (S 42,27,20) (S 61,20,17) (S 11,17,11) (S 13,11,10) (S 12,10,9) (S 14,9,8) (S 23,8,7) (S 16,7,1) (D 0,1,1) 
