195
7
576400
576400
 0 1 1 27 16  9 (D 0,1,1) (S 24,1,4) (S 11,4,10) (S 25,1,2) (S 27,2,4) (S 23,4,5) (S 9,5,7) (D 0,1,1) 
 0 1 2 31 24  11 (D 0,1,1) (S 12,1,10) (S 31,3,7) (S 14,7,9) (S 3,9,10) (S 4,10,11) (S 24,1,4) (S 19,4,9) (D 0,1,1) 
 0 1 3 34 19  11 (D 0,1,1) (S 25,1,2) (S 28,2,6) (S 18,2,7) (S 10,3,10) (S 26,1,5) (S 7,5,8) (D 0,1,1) 
 0 1 4 33 59  16 (D 0,1,1) (S 2,11,7) (S 6,3,8) (S 13,8,9) (S 17,7,10) (S 1,10,5) (S 20,5,11) (S 32,1,3) (S 10,3,10) (S 5,10,6) (S 34,6,9) (D 0,1,1) 
 0 1 5 39 23  11 (D 0,1,1) (S 24,1,4) (S 30,4,11) (S 15,8,10) (S 25,1,2) (S 16,2,3) (S 31,3,7) (D 0,1,1) 
 0 1 6 31 33  10 (D 0,1,1) (S 33,8,11) (S 21,3,4) (S 29,4,8) (S 25,1,2) (S 22,2,8) (D 0,1,1) 
 0 1 7 18 21  8 (D 0,1,1) (S 25,1,2) (S 35,2,10) (S 8,5,6) (D 0,1,1) 
