5187
8
646524500
646524500
0 1 1 3348 380 19 (D 0,1,1) (S 29,21,22) (S 30,22,17) (S 19,17,16) (S 18,16,15) (S 27,20,21) (S 28,21,17) (S 21,17,22) (S 39,27,31) (S 43,31,28) (S 40,28,29) (S 41,29,23) (S 31,23,22) (S 38,27,26) (S 36,26,25) (S 34,25,21)
0 1 2 3802 377 18 (D 0,1,1) (S 29,21,22) (S 38,27,26) (S 36,26,25) (S 33,25,20) (S 27,20,21) (S 29,21,22) (S 39,27,31) (S 42,31,27) (S 38,27,26) (S 37,26,34) (S 47,34,35) (S 48,35,27) (S 38,27,26) (S 36,26,25) (S 34,25,21)
0 1 3 3653 404 17 (D 0,1,1) (S 28,21,17) (S 20,17,18) (S 24,18,23) (S 31,23,22) (S 30,22,17) (S 19,17,16) (S 17,16,8) (S 8,8,7) (S 7,7,13) (S 15,13,15) (S 14,12,13) (S 15,13,15) (S 27,20,21)
0 1 4 8555 1151 47 (D 0,1,1) (S 29,21,22) (S 38,27,26) (S 36,26,25) (S 34,25,21) (S 29,21,22) (S 39,27,31) (S 43,31,28) (S 40,28,29) (S 52,38,30) (S 41,29,23) (S 31,23,22) (S 38,27,26) (S 36,26,25) (S 35,25,33) (S 45,33,32) (S 44,32,24) (S 32,24,25) (S 34,25,21) (S 28,21,17) (S 19,17,16) (S 17,16,8) (S 8,8,7) (S 6,7,6) (S 5,6,12) (S 14,12,13) (S 15,13,15) (S 27,20,21) (S 29,21,22) (S 38,27,26) (S 37,26,34) (S 47,34,35) (S 49,35,36) (S 51,36,37) (S 42,31,27) (S 38,27,26) (S 36,26,25) (S 34,25,21)
0 1 5 6251 879 29 (D 0,1,1) (S 28,21,17) (S 20,17,18) (S 23,18,19) (S 26,19,30) (S 41,29,23) (S 31,23,22) (S 38,27,26) (S 37,26,34) (S 46,34,33) (S 45,33,32) (S 44,32,24) (S 32,24,25) (S 34,25,21) (S 28,21,17) (S 20,17,18) (S 22,18,10) (S 10,10,4) (S 2,4,5) (S 3,5,11) (S 13,11,10) (S 11,10,9) (S 19,17,16) (S 18,16,15) (S 27,20,21)
0 1 6 7962 884 36 (D 0,1,1) (S 29,21,22) (S 38,27,26) (S 37,26,34) (S 47,34,35) (S 49,35,36) (S 50,36,31) (S 42,31,27) (S 38,27,26) (S 37,26,34) (S 47,34,35) (S 48,35,27) (S 38,27,26) (S 36,26,25) (S 34,25,21) (S 28,21,17) (S 19,17,16) (S 17,16,8) (S 8,8,7) (S 7,7,13) (S 15,13,15) (S 16,14,24) (S 32,24,25) (S 34,25,21) (S 28,21,17) (S 19,17,16) (S 17,16,8) (S 8,8,7) (S 6,7,6) (S 5,6,12) (S 14,12,13) (S 15,13,15) (S 27,20,21)
0 1 7 4494 781 24 (D 0,1,1) (S 28,21,17) (S 20,17,18) (S 22,18,10) (S 12,10,18) (S 23,18,19) (S 25,19,10) (S 11,10,9) (S 9,9,8) (S 8,8,7) (S 6,7,6) (S 4,6,1) (S 1,2,3) (S 2,4,5) (S 3,5,11) (S 13,11,10) (S 11,10,9) (S 19,17,16) (S 18,16,15) (S 27,20,21)
0 1 8 1701 331 12 (D 0,1,1) (S 28,21,17) (S 20,17,18) (S 23,18,19) (S 13,11,10) (S 11,10,9) (S 19,17,16) (S 18,16,15) (S 27,20,21)
