432
6
2754300
2754300
 0 1 1 83 55  24 (D 0,1,1) (S 22,1,2) (S 15,2,1) (S 10,1,31) (S 12,31,29) (S 2,27,26) (S 2,26,27) (S 12,29,31) (S 17,5,31) (S 11,31,28) (S 31,28,26) (S 2,26,27) (S 12,29,31) (S 13,31,6) (S 32,6,11) (S 21,11,12) (S 35,12,11) (S 13,6,31) (S 10,31,1) (D 0,1,1) 
 0 1 2 120 61  18 (D 0,1,1) (S 22,1,2) (S 26,3,2) (S 6,2,8) (S 1,8,9) (S 4,13,4) (S 4,4,13) (S 3,13,19) (S 20,19,22) (S 8,22,21) (S 3,19,13) (S 4,13,4) (S 26,3,2) (S 15,2,1) (D 0,1,1) 
 0 1 3 90 87  28 (D 0,1,1) (S 34,1,30) (S 19,30,1) (S 10,1,31) (S 30,5,6) (S 39,6,5) (S 25,14,10) (S 16,16,17) (S 36,17,11) (S 29,10,5) (S 18,14,15) (S 16,16,17) (S 36,17,11) (S 21,11,12) (S 33,12,18) (S 35,12,11) (S 13,6,31) (S 10,31,1) (D 0,1,1) 
 0 1 4 149 118  31 (D 0,1,1) (S 34,1,30) (S 27,30,29) (S 23,23,26) (S 2,26,27) (S 7,23,25) (S 11,28,31) (S 13,31,6) (S 32,6,11) (S 21,11,12) (S 35,12,11) (S 21,11,12) (S 5,12,8) (S 1,8,9) (S 28,9,4) (S 4,4,13) (S 3,13,19) (S 37,19,18) (S 40,18,21) (S 3,19,13) (S 4,13,4) (S 26,3,2) (S 15,2,1) (D 0,1,1) 
 0 1 5 106 68  17 (D 0,1,1) (S 14,7,6) (S 32,6,11) (S 21,11,12) (S 3,13,19) (S 24,19,20) (S 9,20,22) (S 8,22,21) (S 38,18,19) (S 3,19,13) (S 4,13,4) (S 26,3,2) (S 15,2,1) (D 0,1,1) 
 0 1 6 79 43  14 (D 0,1,1) (S 22,1,2) (S 4,4,13) (S 3,13,19) (S 20,19,22) (S 8,22,21) (S 3,19,13) (S 4,13,4) (S 26,3,2) (S 15,2,1) (D 0,1,1) 
