172
6
541200
541200
 0 1 1 40 22  19 (D 0,1,1) (S 5,1,3) (S 5,3,1) (S 6,1,7) (S 7,7,11) (S 7,11,7) (S 2,7,10) (S 5,3,1) (S 12,1,4) (S 29,4,9) (S 26,2,8) (S 15,5,8) (S 25,1,9) (D 0,1,1) 
 0 1 2 45 29  16 (D 0,1,1) (S 10,1,11) (S 7,11,7) (S 30,2,4) (S 16,4,11) (S 7,11,7) (S 19,3,5) (S 1,6,7) (S 8,2,11) (S 7,11,7) (S 6,7,1) (D 0,1,1) 
 0 1 3 37 38  12 (D 0,1,1) (S 18,6,9) (S 24,9,11) (S 7,11,7) (S 4,7,9) (S 3,9,10) (S 5,3,1) (S 21,1,2) (S 28,2,3) (S 5,3,1) (D 0,1,1) 
 0 1 4 30 24  8 (D 0,1,1) (S 17,5,7) (S 30,2,4) (S 13,4,6) (S 11,6,8) (D 0,1,1) 
 0 1 5 23 27  8 (D 0,1,1) (S 23,5,10) (S 14,3,11) (S 9,4,5) (D 0,1,1) 
 0 1 6 34 32  10 (D 0,1,1) (S 20,5,11) (S 7,11,7) (S 27,2,5) (S 5,1,3) (S 22,3,9) (D 0,1,1) 
