549
7
9105200
9105200
 0 1 1 95 58  28 (D 0,1,1) (S 62,1,9) (S 6,9,14) (S 13,14,23) (S 72,23,15) (S 60,15,23) (S 30,23,24) (S 17,24,15) (S 4,15,14) (S 38,14,22) (S 23,22,21) (S 8,21,20) (S 8,20,21) (S 19,21,26) (S 53,26,25) (S 34,25,33) (S 39,33,25) (S 73,25,26) (S 2,26,34) (S 16,34,42) (S 24,42,41) (S 39,33,25) (S 89,25,20) (S 8,20,21) (S 83,13,9) (S 66,9,1) (D 0,1,1) 
 0 1 2 94 62  30 (D 0,1,1) (S 78,1,5) (S 22,5,10) (S 80,10,11) (S 29,11,12) (S 91,12,11) (S 44,11,6) (S 69,6,5) (S 81,5,6) (S 56,6,11) (S 5,18,17) (S 5,17,18) (S 31,18,19) (S 12,19,12) (S 90,7,12) (S 91,12,11) (S 5,18,17) (S 20,17,24) (S 63,24,29) (S 49,29,24) (S 68,24,23) (S 35,28,27) (S 77,27,28) (S 72,23,15) (S 7,15,1) (D 0,1,1) 
 0 1 3 97 84  35 (D 0,1,1) (S 7,1,15) (S 60,15,23) (S 35,28,27) (S 42,27,35) (S 70,36,38) (S 14,38,30) (S 55,39,30) (S 74,29,37) (S 84,37,29) (S 49,29,24) (S 68,24,23) (S 85,23,29) (S 87,29,23) (S 9,23,22) (S 54,22,13) (S 36,13,22) (S 23,22,21) (S 8,21,20) (S 57,20,25) (S 89,25,20) (S 8,20,21) (S 83,13,9) (S 66,9,1) (S 78,1,5) (S 32,3,2) (D 0,1,1) 
 0 1 4 121 98  30 (D 0,1,1) (S 82,1,16) (S 65,16,17) (S 37,17,10) (S 22,10,5) (S 75,3,4) (S 90,7,12) (S 12,12,19) (S 43,19,32) (S 21,32,40) (S 21,40,32) (S 52,31,39) (S 41,39,31) (S 52,31,39) (S 67,39,40) (S 21,40,32) (S 46,32,19) (S 12,19,12) (S 91,12,11) (S 5,18,17) (S 88,17,30) (S 59,30,17) (S 37,17,10) (S 22,10,5) (D 0,1,1) 
 0 1 5 133 83  30 (D 0,1,1) (S 62,1,9) (S 66,9,1) (S 82,1,16) (S 48,16,15) (S 79,15,16) (S 48,16,15) (S 60,15,23) (S 58,28,22) (S 23,22,21) (S 86,13,8) (S 33,8,9) (S 6,9,14) (S 13,14,23) (S 15,28,29) (S 14,30,38) (S 25,38,46) (S 1,46,50) (S 47,50,49) (S 51,49,50) (S 1,50,46) (S 25,46,38) (S 14,38,30) (S 17,24,15) (S 7,15,1) (D 0,1,1) 
 0 1 6 160 103  33 (D 0,1,1) (S 7,1,15) (S 60,15,23) (S 18,28,36) (S 10,36,44) (S 27,44,43) (S 3,43,42) (S 3,42,43) (S 40,43,44) (S 25,38,46) (S 76,46,45) (S 45,45,44) (S 27,44,43) (S 71,43,48) (S 28,48,49) (S 51,49,50) (S 26,50,45) (S 64,45,49) (S 51,49,50) (S 1,50,46) (S 25,46,38) (S 18,36,28) (S 58,28,22) (S 23,22,21) (S 86,13,8) (S 61,8,13) (S 83,13,9) (S 66,9,1) (D 0,1,1) 
 0 1 7 93 61  21 (D 0,1,1) (S 7,1,15) (S 17,15,24) (S 50,47,40) (S 21,40,32) (S 52,31,39) (S 25,38,46) (S 76,46,45) (S 11,45,48) (S 11,48,45) (S 45,45,44) (S 84,37,29) (S 49,29,24) (S 17,24,15) (S 7,15,1) (D 0,1,1) 
