628
6
2566000
2566000
 0 1 1 122 89  25 (D 0,1,1) (S 18,1,5) (S 18,5,1) (S 14,1,2) (S 50,2,3) (S 4,3,10) (S 45,9,15) (S 19,15,9) (S 47,9,10) (S 30,9,2) (S 32,2,9) (S 45,9,15) (S 11,15,14) (S 49,14,17) (S 1,17,22) (S 2,22,25) (S 37,25,30) (S 36,23,18) (S 39,18,15) (S 19,15,9) (S 30,9,2) (S 14,2,1) (D 0,1,1) 
 0 1 2 120 91  24 (D 0,1,1) (S 46,8,13) (S 13,13,12) (S 13,12,13) (S 34,13,8) (S 8,8,9) (S 45,9,15) (S 15,19,18) (S 39,18,15) (S 11,15,14) (S 49,14,17) (S 1,17,22) (S 2,22,25) (S 37,25,30) (S 43,30,25) (S 37,25,30) (S 36,23,18) (S 39,18,15) (S 19,15,9) (S 30,9,2) (S 14,2,1) (D 0,1,1) 
 0 1 3 93 116  22 (D 0,1,1) (S 24,8,14) (S 40,14,13) (S 28,16,11) (S 35,11,16) (S 31,16,12) (S 17,16,21) (S 9,21,28) (S 6,28,24) (S 12,24,27) (S 5,27,20) (S 48,20,21) (S 22,22,29) (S 23,29,22) (S 1,22,17) (S 26,14,8) (D 0,1,1) 
 0 1 4 77 98  19 (D 0,1,1) (S 44,7,4) (S 27,4,7) (S 44,7,4) (S 10,4,6) (S 38,6,11) (S 16,11,20) (S 29,20,16) (S 21,16,13) (S 34,13,8) (S 44,7,4) (S 25,4,5) (S 24,8,14) (S 26,14,8) (D 0,1,1) 
 0 1 5 144 118  26 (D 0,1,1) (S 14,1,2) (S 32,2,9) (S 47,9,10) (S 7,10,19) (S 15,19,18) (S 20,17,13) (S 17,16,21) (S 51,21,24) (S 5,20,27) (S 5,27,20) (S 48,20,21) (S 41,21,29) (S 23,29,22) (S 2,22,25) (S 37,25,30) (S 3,30,26) (S 42,26,23) (S 36,23,18) (S 39,18,15) (S 19,15,9) (S 30,9,2) (S 14,2,1) (D 0,1,1) 
 0 1 6 80 116  24 (D 0,1,1) (S 52,7,12) (S 17,16,21) (S 2,22,25) (S 37,25,30) (S 36,23,18) (S 1,17,22) (S 22,22,29) (S 33,29,21) (S 2,22,25) (S 37,25,30) (S 53,23,22) (S 1,22,17) (S 26,14,8) (D 0,1,1) 
