140
6
514400
514400
 0 1 1 31 24  15 (D 0,1,1) (S 5,1,4) (S 11,2,6) (S 15,2,4) (S 5,4,1) (S 20,1,11) (S 3,3,5) (S 12,1,9) (S 7,7,10) (D 0,1,1) 
 0 1 2 33 14  9 (D 0,1,1) (S 27,1,2) (S 26,2,11) (S 6,1,7) (S 8,3,10) (S 24,10,11) (D 0,1,1) 
 0 1 3 29 18  9 (D 0,1,1) (S 9,1,10) (S 8,3,10) (S 16,1,5) (S 3,5,3) (S 19,3,9) (D 0,1,1) 
 0 1 4 33 30  12 (D 0,1,1) (S 25,1,6) (S 13,6,8) (S 1,8,9) (S 5,1,4) (S 14,4,9) (S 3,3,5) (S 23,5,10) (D 0,1,1) 
 0 1 5 31 45  13 (D 0,1,1) (S 5,1,4) (S 4,4,7) (S 22,9,10) (S 17,6,9) (S 2,9,11) (S 10,2,5) (S 21,5,11) (D 0,1,1) 
 0 1 6 16 9  4 (D 0,1,1) (S 27,1,2) (S 18,2,8) (D 0,1,1) 
