868
7
3390400
3390400
 0 1 1 173 110  32 (D 0,1,1) (S 30,1,6) (S 65,6,1) (S 46,1,7) (S 25,7,13) (S 20,13,12) (S 14,12,19) (S 42,19,20) (S 24,20,26) (S 51,26,20) (S 62,20,14) (S 13,14,15) (S 13,15,14) (S 21,14,8) (S 21,8,14) (S 56,14,20) (S 60,20,19) (S 14,19,12) (S 43,12,18) (S 27,18,12) (S 20,12,13) (S 13,14,15) (S 7,15,22) (S 15,22,23) (S 15,23,22) (S 7,22,15) (S 13,15,14) (S 20,13,12) (S 4,12,6) (S 65,6,1) (D 0,1,1) 
 0 1 2 168 129  35 (D 0,1,1) (S 30,1,6) (S 4,6,12) (S 43,12,18) (S 27,18,12) (S 20,12,13) (S 13,14,15) (S 35,15,21) (S 47,21,20) (S 24,20,26) (S 17,26,27) (S 32,27,32) (S 45,32,31) (S 58,31,32) (S 28,32,33) (S 10,33,28) (S 44,28,34) (S 29,33,32) (S 45,32,31) (S 9,31,30) (S 9,30,31) (S 58,31,32) (S 28,32,33) (S 10,33,28) (S 39,22,28) (S 7,22,15) (S 13,15,14) (S 20,13,12) (S 4,12,6) (S 65,6,1) (D 0,1,1) 
 0 1 3 100 83  18 (D 0,1,1) (S 8,1,2) (S 41,2,8) (S 31,8,9) (S 11,9,10) (S 5,10,16) (S 5,16,10) (S 54,10,3) (S 55,3,10) (S 18,10,4) (S 26,3,4) (S 38,3,2) (S 8,2,1) (S 30,1,6) (S 36,6,7) (S 57,7,1) (D 0,1,1) 
 0 1 4 167 159  31 (D 0,1,1) (S 30,1,6) (S 33,6,18) (S 1,29,30) (S 49,30,25) (S 40,29,25) (S 63,29,18) (S 27,18,12) (S 20,12,13) (S 57,7,1) (S 30,1,6) (S 4,6,12) (S 20,12,13) (S 13,14,15) (S 7,15,22) (S 15,22,23) (S 3,23,28) (S 53,28,27) (S 52,27,28) (S 7,22,15) (S 13,15,14) (S 20,13,12) (S 4,12,6) (S 65,6,1) (D 0,1,1) 
 0 1 5 192 159  32 (D 0,1,1) (S 30,1,6) (S 4,6,12) (S 20,12,13) (S 13,14,15) (S 6,9,3) (S 55,3,10) (S 5,10,16) (S 12,16,17) (S 59,17,11) (S 67,11,17) (S 37,17,24) (S 66,24,17) (S 12,17,16) (S 64,16,15) (S 35,15,21) (S 19,21,27) (S 17,27,26) (S 16,26,31) (S 16,31,26) (S 51,26,20) (S 62,20,14) (S 13,14,15) (S 11,9,10) (S 22,10,11) (S 68,11,10) (S 54,10,3) (S 38,3,2) (S 8,2,1) (D 0,1,1) 
 0 1 6 154 150  29 (D 0,1,1) (S 30,1,6) (S 4,6,12) (S 20,12,13) (S 13,14,15) (S 11,9,10) (S 5,10,16) (S 61,16,23) (S 23,24,34) (S 53,28,27) (S 19,27,21) (S 11,9,10) (S 18,10,4) (S 2,4,11) (S 50,5,11) (S 68,11,10) (S 22,10,11) (S 34,5,4) (S 38,3,2) (S 8,2,1) (D 0,1,1) 
 0 1 7 92 78  18 (D 0,1,1) (S 30,1,6) (S 4,6,12) (S 20,12,13) (S 13,14,15) (S 11,9,10) (S 22,10,11) (S 48,11,24) (S 15,23,22) (S 7,22,15) (S 13,15,14) (S 20,13,12) (S 4,12,6) (S 65,6,1) (D 0,1,1) 
