376
6
2629500
2629500
 0 1 1 79 66  24 (D 0,1,1) (S 2,1,31) (S 43,31,5) (S 11,31,29) (S 4,27,26) (S 4,26,27) (S 8,27,24) (S 33,23,26) (S 17,26,28) (S 10,31,6) (S 27,6,5) (S 18,5,10) (S 40,12,13) (S 1,13,4) (S 30,4,9) (S 6,9,3) (S 26,3,2) (S 42,2,1) (D 0,1,1) 
 0 1 2 72 54  21 (D 0,1,1) (S 23,1,30) (S 32,30,1) (S 26,3,2) (S 42,2,1) (S 6,3,9) (S 3,9,13) (S 1,13,4) (S 1,4,13) (S 15,13,12) (S 24,12,11) (S 31,14,10) (S 19,10,5) (S 2,31,1) (D 0,1,1) 
 0 1 3 88 60  16 (D 0,1,1) (S 5,3,4) (S 1,4,13) (S 7,13,19) (S 20,19,18) (S 36,18,21) (S 25,21,18) (S 37,18,12) (S 40,12,13) (S 3,13,9) (S 41,9,4) (S 5,4,3) (S 26,3,2) (S 42,2,1) (D 0,1,1) 
 0 1 4 84 61  21 (D 0,1,1) (S 2,1,31) (S 11,31,29) (S 21,29,28) (S 10,31,6) (S 16,11,6) (S 28,10,16) (S 14,16,15) (S 38,15,14) (S 31,14,10) (S 19,10,5) (S 11,31,29) (S 35,29,30) (S 34,30,29) (S 11,29,31) (S 2,31,1) (D 0,1,1) 
 0 1 5 86 66  16 (D 0,1,1) (S 9,1,7) (S 22,7,8) (S 24,12,11) (S 39,12,18) (S 37,18,12) (S 24,12,11) (S 28,10,16) (S 29,17,11) (S 16,11,6) (S 10,6,31) (S 2,31,1) (D 0,1,1) 
 0 1 6 111 69  22 (D 0,1,1) (S 2,1,31) (S 11,31,29) (S 8,27,24) (S 12,23,25) (S 10,31,6) (S 39,12,18) (S 36,18,21) (S 13,21,22) (S 13,22,21) (S 7,19,13) (S 1,13,4) (S 5,4,3) (S 26,3,2) (S 42,2,1) (D 0,1,1) 
