506
6
6148200
6148200
 0 1 1 74 42  17 (D 0,1,1) (S 15,1,6) (S 19,12,6) (S 27,6,7) (S 18,7,3) (S 35,3,4) (S 34,38,37) (S 55,37,38) (S 34,38,37) (S 23,37,30) (S 10,30,29) (S 13,29,36) (S 7,36,2) (S 31,2,6) (S 15,6,1) (D 0,1,1) 
 0 1 2 107 64  20 (D 0,1,1) (S 36,1,11) (S 11,11,16) (S 41,16,10) (S 26,9,10) (S 56,9,8) (S 20,8,40) (S 12,1,35) (S 12,35,1) (S 54,1,40) (S 7,2,36) (S 37,36,37) (S 49,37,36) (S 7,36,2) (D 0,1,1) 
 0 1 3 114 92  33 (D 0,1,1) (S 16,33,34) (S 24,27,28) (S 45,28,27) (S 52,26,33) (S 42,2,3) (S 53,3,37) (S 32,37,3) (S 18,3,7) (S 48,13,18) (S 22,18,13) (S 30,7,6) (S 4,12,17) (S 48,13,18) (S 5,18,22) (S 1,22,25) (S 1,25,22) (S 57,22,21) (S 58,21,22) (S 5,22,18) (S 22,18,13) (S 30,7,6) (S 15,6,1) (D 0,1,1) 
 0 1 4 148 106  32 (D 0,1,1) (S 12,1,35) (S 17,35,36) (S 37,36,37) (S 49,37,36) (S 13,36,29) (S 10,29,30) (S 21,30,31) (S 47,31,30) (S 21,30,31) (S 29,31,37) (S 55,37,38) (S 3,39,32) (S 38,32,31) (S 46,5,39) (S 18,3,7) (S 48,13,18) (S 5,18,22) (S 57,22,21) (S 28,21,20) (S 4,17,12) (S 19,12,6) (S 15,6,1) (D 0,1,1) 
 0 1 5 163 103  29 (D 0,1,1) (S 6,8,14) (S 8,14,15) (S 44,15,9) (S 56,9,8) (S 6,8,14) (S 8,14,15) (S 39,15,16) (S 11,16,11) (S 51,12,11) (S 15,1,6) (S 27,6,7) (S 48,13,18) (S 9,18,19) (S 9,19,18) (S 5,18,22) (S 57,22,21) (S 43,21,24) (S 14,24,25) (S 1,25,22) (S 5,22,18) (S 22,18,13) (S 30,7,6) (S 15,6,1) (D 0,1,1) 
 0 1 6 126 99  28 (D 0,1,1) (S 12,1,35) (S 33,35,28) (S 25,28,35) (S 12,35,1) (S 15,1,6) (S 27,6,7) (S 48,13,18) (S 5,18,22) (S 1,22,25) (S 14,25,24) (S 50,24,21) (S 28,21,20) (S 2,20,23) (S 2,23,20) (S 18,7,3) (S 35,3,4) (S 40,39,38) (S 34,38,37) (S 49,37,36) (S 7,36,2) (D 0,1,1) 
