743
7
2739400
2739400
 0 1 1 118 95  27 (D 0,1,1) (S 6,1,5) (S 6,5,1) (S 20,1,2) (S 51,2,3) (S 35,3,2) (S 55,9,10) (S 29,10,9) (S 56,9,2) (S 51,2,3) (S 9,3,10) (S 22,15,9) (S 17,15,19) (S 21,19,18) (S 15,17,22) (S 60,25,30) (S 44,23,18) (S 38,18,15) (S 22,15,9) (S 56,9,2) (S 20,2,1) (D 0,1,1) 
 0 1 2 84 72  15 (D 0,1,1) (S 2,1,8) (S 25,8,13) (S 1,13,12) (S 53,12,11) (S 34,11,12) (S 30,12,16) (S 3,16,21) (S 11,21,28) (S 10,28,24) (S 5,24,20) (S 45,20,16) (S 28,16,13) (S 36,13,8) (S 2,8,1) (D 0,1,1) 
 0 1 3 135 109  27 (D 0,1,1) (S 6,1,5) (S 8,5,8) (S 37,8,14) (S 49,14,17) (S 40,17,14) (S 32,14,13) (S 36,13,8) (S 18,8,7) (S 33,7,6) (S 19,6,4) (S 59,7,12) (S 1,12,13) (S 50,13,16) (S 3,16,21) (S 47,21,22) (S 60,25,30) (S 61,30,25) (S 60,25,30) (S 44,23,18) (S 38,18,15) (S 22,15,9) (S 56,9,2) (S 20,2,1) (D 0,1,1) 
 0 1 4 138 126  26 (D 0,1,1) (S 20,1,2) (S 14,15,14) (S 31,14,8) (S 18,8,7) (S 27,4,5) (S 8,5,8) (S 37,8,14) (S 49,14,17) (S 15,17,22) (S 52,22,29) (S 39,29,22) (S 26,25,29) (S 46,29,30) (S 41,30,29) (S 54,29,28) (S 10,28,24) (S 5,24,20) (S 45,20,16) (S 28,16,13) (S 36,13,8) (S 2,8,1) (D 0,1,1) 
 0 1 5 135 119  21 (D 0,1,1) (S 20,1,2) (S 17,15,19) (S 21,19,18) (S 38,18,15) (S 48,15,8) (S 18,8,7) (S 59,7,12) (S 30,12,16) (S 28,16,13) (S 50,13,16) (S 13,16,17) (S 15,17,22) (S 62,22,21) (S 47,21,22) (S 15,22,17) (S 40,17,14) (S 31,14,8) (S 2,8,1) (D 0,1,1) 
 0 1 6 136 133  27 (D 0,1,1) (S 20,1,2) (S 55,9,10) (S 12,10,19) (S 21,19,18) (S 15,17,22) (S 60,25,30) (S 44,23,18) (S 15,17,22) (S 62,22,21) (S 57,21,24) (S 7,24,27) (S 16,27,28) (S 10,28,24) (S 5,24,20) (S 43,20,21) (S 23,21,29) (S 58,29,21) (S 3,21,16) (S 28,16,13) (S 36,13,8) (S 2,8,1) (D 0,1,1) 
 0 1 7 95 89  17 (D 0,1,1) (S 2,1,8) (S 25,8,13) (S 1,13,12) (S 53,12,11) (S 4,11,20) (S 43,20,21) (S 47,21,22) (S 60,25,30) (S 42,26,23) (S 24,23,22) (S 15,22,17) (S 40,17,14) (S 31,14,8) (S 2,8,1) (D 0,1,1) 
