180
6
572800
572800
 0 1 1 27 17  14 (D 0,1,1) (S 32,1,4) (S 9,4,6) (S 5,6,2) (S 25,2,4) (S 12,7,9) (S 31,7,8) (S 24,3,11) (D 0,1,1) 
 0 1 2 27 34  12 (D 0,1,1) (S 26,1,5) (S 14,3,7) (S 23,7,11) (S 3,11,10) (S 2,10,9) (S 7,7,10) (S 18,4,9) (D 0,1,1) 
 0 1 3 27 28  14 (D 0,1,1) (S 29,2,7) (S 11,3,9) (S 1,5,8) (S 28,8,9) (S 19,3,8) (D 0,1,1) 
 0 1 4 41 42  16 (D 0,1,1) (S 5,2,6) (S 21,6,8) (S 15,8,11) (S 32,1,4) (S 13,4,7) (S 4,3,1) (S 5,2,6) (S 27,6,11) (S 6,3,4) (D 0,1,1) 
 0 1 5 39 40  14 (D 0,1,1) (S 30,2,3) (S 20,5,10) (S 9,4,6) (S 8,6,7) (S 12,7,9) (S 10,9,11) (S 5,2,6) (S 16,6,10) (D 0,1,1) 
 0 1 6 11 19  5 (D 0,1,1) (S 17,2,5) (S 22,5,9) (D 0,1,1) 
