5071
8
5815100
5815100
 0 1 1 2646 679  19 (D 0,1,1) (S 10,21,27) (S 34,27,26) (S 12,32,31) (S 36,31,25) (S 9,25,19) (S 27,19,20) (S 31,22,28) (S 35,28,34) (S 29,22,16) (S 5,16,10) (S 20,10,9) (D 0,1,1) 
 0 1 2 2479 739  21 (D 0,1,1) (S 28,21,20) (S 25,14,13) (S 24,13,19) (S 9,19,25) (S 12,31,32) (S 13,32,33) (S 13,33,32) (S 37,32,26) (S 43,38,37) (S 37,32,26) (S 10,27,21) (D 0,1,1) 
 0 1 3 1718 448  13 (D 0,1,1) (S 26,16,17) (S 7,17,18) (S 8,18,24) (S 33,24,30) (S 11,29,23) (S 32,23,22) (S 30,22,23) (S 32,23,22) (D 0,1,1) 
 0 1 4 2782 446  13 (D 0,1,1) (S 5,16,10) (S 4,10,4) (S 2,4,3) (S 2,3,4) (S 18,5,6) (S 19,6,5) (S 4,4,10) (S 5,10,16) (D 0,1,1) 
 0 1 5 2159 740  21 (D 0,1,1) (S 31,22,28) (S 35,28,34) (S 39,34,33) (S 38,33,39) (S 15,39,40) (S 16,40,41) (S 40,35,29) (S 38,33,39) (S 46,39,38) (S 37,32,26) (S 10,27,21) (D 0,1,1) 
 0 1 6 2896 746  21 (D 0,1,1) (S 5,16,10) (S 21,10,11) (S 22,11,5) (S 6,11,12) (S 23,12,18) (S 8,18,24) (S 33,24,30) (S 42,36,30) (S 38,33,39) (S 45,39,33) (S 10,27,21) (D 0,1,1) 
 0 1 7 3267 760  21 (D 0,1,1) (S 29,22,16) (S 5,16,10) (S 20,10,9) (S 3,9,3) (S 1,2,1) (S 17,1,7) (S 24,13,19) (S 9,19,25) (S 12,31,32) (S 44,38,39) (S 45,39,33) (S 10,27,21) (D 0,1,1) 
 0 1 8 1298 513  15 (D 0,1,1) (S 31,22,28) (S 35,28,34) (S 41,35,41) (S 47,41,42) (S 14,36,35) (D 0,1,1) 
