311
6
1790700
1790700
 0 1 1 54 47  17 (D 0,1,1) (S 24,1,19) (S 3,4,5) (S 13,5,9) (S 3,5,4) (S 15,4,19) (S 1,12,13) (S 19,13,14) (S 26,14,18) (S 4,25,22) (S 22,23,24) (D 0,1,1) 
 0 1 2 40 56  20 (D 0,1,1) (S 14,1,24) (S 20,8,24) (S 16,24,27) (S 29,26,27) (S 7,26,25) (S 4,25,22) (S 11,23,26) (S 29,26,27) (S 27,3,6) (S 15,4,19) (D 0,1,1) 
 0 1 3 43 53  15 (D 0,1,1) (S 17,2,1) (S 18,1,27) (S 9,8,9) (S 21,6,9) (S 3,5,4) (S 1,12,13) (S 30,13,15) (S 6,15,1) (D 0,1,1) 
 0 1 4 39 66  15 (D 0,1,1) (S 6,1,15) (S 28,15,17) (S 8,15,20) (S 2,21,18) (S 2,18,21) (S 10,21,22) (S 4,22,25) (S 25,16,17) (D 0,1,1) 
 0 1 5 35 54  17 (D 0,1,1) (S 23,3,8) (S 20,8,24) (S 22,23,24) (S 4,22,25) (S 26,14,18) (S 1,13,12) (D 0,1,1) 
 0 1 6 30 35  10 (D 0,1,1) (S 24,1,19) (S 1,12,13) (S 19,13,14) (S 5,14,20) (S 12,21,23) (S 22,23,24) (D 0,1,1) 
