382
6
5129600
5129600
 0 1 1 89 40  15 (D 0,1,1) (S 47,1,2) (S 21,2,6) (S 45,6,2) (S 37,2,1) (S 15,1,6) (S 45,6,2) (S 11,2,36) (S 9,36,29) (S 16,29,30) (S 25,30,31) (S 35,31,37) (S 46,37,36) (S 11,36,2) (S 37,2,1) (D 0,1,1) 
 0 1 2 65 58  15 (D 0,1,1) (S 23,1,8) (S 40,8,9) (S 39,9,10) (S 49,10,9) (S 52,9,8) (S 7,8,14) (S 28,15,16) (S 36,16,10) (S 30,1,40) (S 43,40,1) (S 19,11,1) (D 0,1,1) 
 0 1 3 99 50  14 (D 0,1,1) (S 6,33,34) (S 4,34,27) (S 2,27,26) (S 12,26,34) (S 32,34,35) (S 5,35,36) (S 20,37,30) (S 16,30,29) (S 9,29,36) (S 11,36,2) (S 37,2,1) (D 0,1,1) 
 0 1 4 86 87  26 (D 0,1,1) (S 47,1,2) (S 41,2,3) (S 13,3,7) (S 24,13,18) (S 53,18,13) (S 13,7,3) (S 34,3,4) (S 1,38,31) (S 35,31,37) (S 38,37,3) (S 13,3,7) (S 50,7,6) (S 48,12,11) (S 31,11,12) (S 8,13,19) (S 18,18,17) (S 15,6,1) (D 0,1,1) 
 0 1 5 124 113  38 (D 0,1,1) (S 22,35,34) (S 12,34,26) (S 44,26,33) (S 47,1,2) (S 11,2,36) (S 46,37,36) (S 51,38,39) (S 3,39,32) (S 3,32,39) (S 17,39,5) (S 33,39,38) (S 13,3,7) (S 24,13,18) (S 14,22,25) (S 14,25,22) (S 27,21,22) (S 26,21,20) (S 10,23,24) (S 29,24,21) (S 26,21,20) (S 42,20,17) (S 15,6,1) (D 0,1,1) 
 0 1 6 33 34  12 (D 0,1,1) (S 15,1,6) (S 24,13,18) (S 26,21,20) (S 42,20,17) (S 15,6,1) (D 0,1,1) 
