528
7
9136300
9136300
 0 1 1 89 64  31 (D 0,1,1) (S 51,1,9) (S 15,9,14) (S 12,14,23) (S 42,15,23) (S 76,23,24) (S 7,24,15) (S 22,15,14) (S 15,14,9) (S 29,9,1) (S 63,1,16) (S 5,17,24) (S 54,24,23) (S 57,28,27) (S 70,27,28) (S 57,28,27) (S 82,27,35) (S 24,35,36) (S 84,36,38) (S 79,38,36) (S 84,36,38) (S 3,38,30) (S 48,30,24) (S 54,24,23) (S 59,23,29) (S 38,29,24) (S 7,24,15) (D 0,1,1) 
 0 1 2 77 45  18 (D 0,1,1) (S 74,1,10) (S 77,10,11) (S 72,11,12) (S 60,12,7) (S 62,7,12) (S 66,12,11) (S 17,11,18) (S 1,19,12) (S 60,12,7) (S 11,7,4) (S 55,4,3) (S 37,3,4) (S 55,4,3) (S 19,3,6) (S 43,6,5) (D 0,1,1) 
 0 1 3 77 71  27 (D 0,1,1) (S 78,5,6) (S 43,6,5) (S 41,10,17) (S 9,17,31) (S 64,31,32) (S 23,32,40) (S 23,40,32) (S 81,32,31) (S 46,39,30) (S 18,30,29) (S 38,29,24) (S 30,29,23) (S 69,15,16) (S 65,17,30) (S 48,30,24) (S 16,29,28) (D 0,1,1) 
 0 1 4 93 59  27 (D 0,1,1) (S 51,1,9) (S 45,9,13) (S 14,21,20) (S 52,20,25) (S 28,25,26) (S 40,26,25) (S 50,33,25) (S 61,25,20) (S 14,20,21) (S 21,26,27) (S 70,27,28) (S 20,28,36) (S 84,36,38) (S 2,38,46) (S 6,46,50) (S 6,50,46) (S 36,46,45) (S 34,45,44) (S 33,44,37) (S 71,37,29) (S 38,29,24) (S 7,24,15) (D 0,1,1) 
 0 1 5 131 95  30 (D 0,1,1) (S 51,1,9) (S 45,9,13) (S 35,13,22) (S 27,22,14) (S 15,14,9) (S 45,9,13) (S 10,26,34) (S 75,34,35) (S 49,35,43) (S 8,42,41) (S 8,41,42) (S 25,43,35) (S 24,35,36) (S 13,36,44) (S 67,44,43) (S 73,43,48) (S 44,48,49) (S 32,49,48) (S 4,48,45) (S 34,45,44) (S 33,44,37) (S 71,37,29) (S 38,29,24) (S 7,24,15) (D 0,1,1) 
 0 1 6 132 134  40 (D 0,1,1) (S 7,15,24) (S 68,39,38) (S 71,37,29) (S 18,29,30) (S 26,30,17) (S 47,19,32) (S 83,32,19) (S 47,19,32) (S 81,32,31) (S 58,39,40) (S 23,40,32) (S 81,32,31) (S 80,39,31) (S 31,47,40) (S 23,40,32) (S 81,32,31) (S 39,47,39) (S 46,39,30) (S 48,30,24) (S 54,24,23) (S 12,23,14) (S 15,14,9) (S 45,9,13) (S 53,8,13) (S 29,9,1) (D 0,1,1) 
 0 1 7 97 60  20 (D 0,1,1) (S 51,1,9) (S 45,9,13) (S 56,8,9) (S 15,9,14) (S 12,14,23) (S 76,23,24) (S 3,30,38) (S 2,38,46) (S 36,46,45) (S 4,45,48) (S 4,48,45) (S 34,45,44) (S 33,44,37) (S 71,37,29) (S 38,29,24) (S 7,24,15) (D 0,1,1) 
