635
6
1499700
1499700
 0 1 1 57 81  20 (D 0,1,1) (S 2,2,4) (S 1,4,3) (S 27,3,1) (S 15,9,3) (S 5,9,10) (S 31,20,23) (S 13,21,15) (S 9,15,11) (S 28,11,5) (S 2,4,2) (D 0,1,1) 
 0 1 2 107 134  30 (D 0,1,1) (S 2,2,4) (S 9,11,15) (S 12,15,21) (S 10,21,24) (S 29,24,23) (S 21,20,10) (S 24,10,11) (S 28,11,5) (S 9,11,15) (S 20,15,16) (S 8,16,17) (S 25,18,14) (S 4,14,8) (S 26,7,8) (S 4,8,14) (S 3,13,12) (S 22,12,11) (S 28,11,5) (S 2,4,2) (D 0,1,1) 
 0 1 3 99 134  26 (D 0,1,1) (S 6,19,22) (S 30,22,23) (S 17,23,22) (S 6,22,19) (S 16,19,9) (S 5,9,10) (S 13,21,15) (S 20,15,16) (S 14,16,15) (S 20,15,16) (S 8,16,17) (S 25,18,14) (S 3,13,12) (S 22,12,11) (S 28,11,5) (S 2,4,2) (D 0,1,1) 
 0 1 4 64 92  18 (D 0,1,1) (S 19,19,20) (S 31,20,23) (S 11,23,24) (S 13,21,15) (S 20,15,16) (S 8,16,17) (S 3,13,12) (S 22,12,11) (S 28,11,5) (S 2,4,2) (D 0,1,1) 
 0 1 5 113 110  27 (D 0,1,1) (S 2,2,4) (S 9,11,15) (S 20,15,16) (S 18,16,12) (S 22,12,11) (S 9,11,15) (S 20,15,16) (S 8,16,17) (S 25,18,14) (S 4,14,8) (S 7,7,6) (S 7,6,7) (S 26,7,8) (S 4,8,14) (S 3,13,12) (S 22,12,11) (S 28,11,5) (S 2,4,2) (D 0,1,1) 
 0 1 6 80 84  19 (D 0,1,1) (S 2,2,4) (S 9,11,15) (S 20,15,16) (S 18,16,12) (S 23,12,6) (S 7,6,7) (S 26,7,8) (S 4,8,14) (S 3,13,12) (S 22,12,11) (S 28,11,5) (S 2,4,2) (D 0,1,1) 
