600
6
3415400
3415400
 0 1 1 85 86  19 (D 0,1,1) (S 11,1,5) (S 7,5,8) (S 36,8,14) (S 29,14,13) (S 6,13,12) (S 40,12,11) (S 18,11,12) (S 6,12,13) (S 37,13,8) (S 23,7,4) (S 46,7,6) (S 42,6,11) (S 18,11,12) (S 6,12,13) (S 37,13,8) (D 0,1,1) 
 0 1 2 89 111  24 (D 0,1,1) (S 20,9,10) (S 39,10,9) (S 24,9,15) (S 49,15,9) (S 20,9,10) (S 9,10,15) (S 4,15,19) (S 14,18,17) (S 19,17,14) (S 21,14,8) (S 30,13,16) (S 43,22,29) (S 45,29,22) (S 1,22,17) (S 19,17,14) (S 21,14,8) (D 0,1,1) 
 0 1 3 79 83  18 (D 0,1,1) (S 2,3,10) (S 13,10,19) (S 14,18,17) (S 1,17,22) (S 38,22,21) (S 5,21,28) (S 12,24,20) (S 26,20,16) (S 17,16,11) (S 22,11,16) (S 37,13,8) (D 0,1,1) 
 0 1 4 90 117  24 (D 0,1,1) (S 24,9,15) (S 15,15,14) (S 3,17,16) (S 32,21,20) (S 12,20,24) (S 10,24,27) (S 35,20,21) (S 48,21,29) (S 45,29,22) (S 47,25,29) (S 31,29,30) (S 16,30,26) (S 25,26,18) (S 49,15,9) (D 0,1,1) 
 0 1 5 131 150  33 (D 0,1,1) (S 23,7,4) (S 34,4,5) (S 7,5,8) (S 28,7,12) (S 40,12,11) (S 8,11,20) (S 12,20,24) (S 33,29,28) (S 5,28,21) (S 27,30,29) (S 31,29,30) (S 41,23,18) (S 14,18,17) (S 1,17,22) (S 16,30,26) (S 44,26,23) (S 41,23,18) (S 49,15,9) (D 0,1,1) 
 0 1 6 32 53  13 (D 0,1,1) (S 36,8,14) (S 1,17,22) (S 16,30,26) (S 25,26,18) (S 49,15,9) (D 0,1,1) 
