585
6
1520700
1520700
 0 1 1 70 74  19 (D 0,1,1) (S 1,1,2) (S 7,4,3) (S 24,9,3) (S 18,1,3) (S 7,3,4) (S 6,4,5) (S 8,11,15) (S 27,15,21) (S 8,15,11) (S 23,11,5) (S 6,5,4) (S 1,2,1) (D 0,1,1) 
 0 1 2 73 77  20 (D 0,1,1) (S 18,1,3) (S 5,9,10) (S 29,20,23) (S 31,23,20) (S 3,20,21) (S 32,15,16) (S 33,17,13) (S 15,13,17) (S 33,17,13) (S 22,12,11) (S 23,11,5) (S 6,5,4) (S 1,2,1) (D 0,1,1) 
 0 1 3 85 93  15 (D 0,1,1) (S 18,1,3) (S 28,9,19) (S 9,19,22) (S 26,22,23) (S 11,23,22) (S 9,22,19) (S 30,19,9) (S 5,9,10) (S 20,10,11) (S 23,11,5) (S 6,5,4) (S 1,2,1) (D 0,1,1) 
 0 1 4 107 113  23 (D 0,1,1) (S 18,1,3) (S 28,9,19) (S 10,19,20) (S 20,10,11) (S 8,11,15) (S 32,15,16) (S 21,16,12) (S 22,12,11) (S 8,11,15) (S 32,15,16) (S 2,17,18) (S 19,14,13) (S 22,12,11) (S 23,11,5) (S 6,5,4) (S 1,2,1) (D 0,1,1) 
 0 1 5 95 109  26 (D 0,1,1) (S 18,1,3) (S 5,9,10) (S 29,20,23) (S 14,23,24) (S 17,24,21) (S 32,15,16) (S 2,17,18) (S 25,14,18) (S 4,14,8) (S 13,8,7) (S 4,8,14) (S 19,14,13) (S 22,12,11) (S 23,11,5) (S 6,5,4) (S 1,2,1) (D 0,1,1) 
 0 1 6 109 119  25 (D 0,1,1) (S 1,1,2) (S 6,4,5) (S 8,11,15) (S 27,15,21) (S 12,24,23) (S 31,23,20) (S 3,20,21) (S 32,15,16) (S 21,16,12) (S 16,12,6) (S 4,8,14) (S 19,14,13) (S 22,12,11) (S 23,11,5) (S 6,5,4) (S 1,2,1) (D 0,1,1) 
