179
6
502100
502100
 0 1 1 27 26  21 (D 0,1,1) (S 18,1,3) (S 17,3,10) (S 1,7,2) (S 24,2,8) (S 16,5,8) (S 19,1,8) (S 23,1,7) (S 28,1,5) (S 31,1,9) (S 30,2,11) (D 0,1,1) 
 0 1 2 30 19  14 (D 0,1,1) (S 2,1,4) (S 13,4,9) (S 23,1,7) (S 14,7,11) (S 20,1,11) (S 25,1,10) (D 0,1,1) 
 0 1 3 30 45  14 (D 0,1,1) (S 4,1,2) (S 5,2,3) (S 15,3,4) (S 13,4,9) (S 27,9,11) (S 8,7,5) (S 26,6,9) (S 6,4,8) (D 0,1,1) 
 0 1 4 31 44  13 (D 0,1,1) (S 23,1,7) (S 21,7,9) (S 3,9,10) (S 11,3,11) (S 1,7,2) (S 29,2,9) (S 9,4,10) (D 0,1,1) 
 0 1 5 29 34  8 (D 0,1,1) (S 2,1,4) (S 12,4,6) (S 7,6,8) (S 10,8,9) (S 32,4,7) (D 0,1,1) 
 0 1 6 9 11  5 (D 0,1,1) (S 28,1,5) (S 22,5,11) (D 0,1,1) 
