710
8
9093300
9093300
 0 1 1 141 57  39 (D 0,1,1) (S 77,6,12) (S 60,12,13) (S 75,13,12) (S 6,12,20) (S 24,20,19) (S 15,19,11) (S 15,11,19) (S 16,19,18) (S 16,18,19) (S 55,19,26) (S 42,26,30) (S 63,30,26) (S 44,26,18) (S 59,18,26) (S 42,26,30) (S 83,30,34) (S 22,34,40) (S 65,40,47) (S 86,47,40) (S 22,40,34) (S 80,34,30) (S 83,30,34) (S 22,34,40) (S 30,40,41) (S 39,41,48) (S 46,48,41) (S 30,41,40) (S 22,40,34) (S 80,34,30) (S 63,30,26) (S 44,26,18) (S 16,18,19) (S 15,19,11) (S 34,11,12) (S 60,12,13) (S 91,13,6) (D 0,1,1) 
 0 1 2 134 77  36 (D 0,1,1) (S 17,1,5) (S 50,5,11) (S 34,11,12) (S 60,12,13) (S 91,13,6) (S 1,7,2) (S 1,2,7) (S 35,7,13) (S 23,15,23) (S 23,23,15) (S 8,15,16) (S 87,16,24) (S 3,25,28) (S 48,28,32) (S 12,32,37) (S 53,37,36) (S 84,36,42) (S 90,42,44) (S 5,44,49) (S 71,49,41) (S 30,41,40) (S 22,40,34) (S 80,34,30) (S 63,30,26) (S 44,26,18) (S 16,18,19) (S 15,19,11) (S 34,11,12) (S 60,12,13) (S 91,13,6) (D 0,1,1) 
 0 1 3 103 86  33 (D 0,1,1) (S 62,13,7) (S 88,8,7) (S 13,8,14) (S 18,15,9) (S 40,9,8) (S 96,8,9) (S 41,9,16) (S 94,16,9) (S 18,9,15) (S 23,15,23) (S 82,23,31) (S 54,31,37) (S 73,43,45) (S 38,45,43) (S 11,43,38) (S 70,38,28) (S 48,28,32) (S 69,32,31) (S 33,31,23) (S 56,23,24) (S 23,23,15) (S 91,13,6) (D 0,1,1) 
 0 1 4 124 95  30 (D 0,1,1) (S 77,6,12) (S 6,12,20) (S 31,20,21) (S 28,21,27) (S 14,27,35) (S 36,35,34) (S 21,34,33) (S 7,33,29) (S 7,29,33) (S 27,33,46) (S 61,46,47) (S 46,48,41) (S 43,41,49) (S 5,49,44) (S 68,42,36) (S 25,36,35) (S 14,35,27) (S 57,31,32) (S 69,32,31) (S 33,31,23) (S 23,23,15) (S 91,13,6) (D 0,1,1) 
 0 1 5 136 109  31 (D 0,1,1) (S 29,6,5) (S 37,5,18) (S 76,18,29) (S 7,29,33) (S 21,33,34) (S 2,34,26) (S 42,26,30) (S 26,27,36) (S 84,36,42) (S 49,42,41) (S 39,41,48) (S 66,48,49) (S 74,49,48) (S 46,48,41) (S 43,41,49) (S 5,49,44) (S 19,44,50) (S 92,50,45) (S 38,45,43) (S 12,37,32) (S 69,32,31) (S 33,31,23) (S 23,23,15) (S 91,13,6) (D 0,1,1) 
 0 1 6 163 136  43 (D 0,1,1) (S 4,14,22) (S 52,21,22) (S 54,31,37) (S 45,43,42) (S 90,42,44) (S 19,44,50) (S 92,50,45) (S 51,45,50) (S 85,50,43) (S 73,43,45) (S 58,45,38) (S 70,38,28) (S 48,28,32) (S 64,32,38) (S 70,38,28) (S 78,28,38) (S 11,38,43) (S 93,37,38) (S 11,38,43) (S 53,37,36) (S 25,36,35) (S 81,35,41) (S 30,41,40) (S 22,40,34) (S 80,34,30) (S 63,30,26) (S 44,26,18) (S 16,18,19) (S 15,19,11) (S 34,11,12) (S 60,12,13) (S 62,13,7) (S 72,7,6) (D 0,1,1) 
 0 1 7 146 121  29 (D 0,1,1) (S 1,7,2) (S 10,2,3) (S 20,3,4) (S 95,10,17) (S 9,17,16) (S 87,16,24) (S 47,24,32) (S 12,32,37) (S 53,37,36) (S 84,36,42) (S 90,42,44) (S 5,44,49) (S 32,49,50) (S 92,50,45) (S 38,45,43) (S 11,43,38) (S 70,38,28) (S 3,28,25) (S 79,17,10) (S 40,9,8) (S 88,8,7) (S 1,7,2) (S 67,2,1) (D 0,1,1) 
 0 1 8 53 29  13 (D 0,1,1) (S 77,6,12) (S 6,12,20) (S 89,20,30) (S 63,30,26) (S 44,26,18) (S 16,18,19) (S 15,19,11) (S 34,11,12) (S 60,12,13) (S 91,13,6) (D 0,1,1) 
