325
7
2037600
2037600
 0 1 1 33 46  19 (D 0,1,1) (S 2,2,12) (S 6,4,10) (S 6,10,4) (S 23,4,12) (S 15,12,19) (S 5,1,17) (S 3,13,14) (S 3,14,13) (S 16,12,13) (S 15,12,19) (D 0,1,1) 
 0 1 2 26 31  8 (D 0,1,1) (S 4,1,24) (S 17,24,27) (S 21,26,27) (S 1,8,3) (D 0,1,1) 
 0 1 3 30 40  11 (D 0,1,1) (S 28,2,1) (S 14,1,3) (S 7,3,6) (S 22,6,10) (S 6,10,4) (S 9,1,15) (D 0,1,1) 
 0 1 4 46 53  18 (D 0,1,1) (S 11,5,6) (S 22,6,10) (S 6,10,4) (S 24,4,6) (S 7,6,3) (S 31,3,4) (S 6,4,10) (S 10,8,9) (D 0,1,1) 
 0 1 5 45 50  15 (D 0,1,1) (S 16,12,13) (S 19,13,15) (S 32,15,17) (S 20,15,20) (S 29,18,21) (S 30,21,22) (S 26,22,23) (S 13,23,24) (S 4,24,1) (D 0,1,1) 
 0 1 6 45 52  16 (D 0,1,1) (S 4,1,24) (S 26,22,23) (S 27,23,26) (S 8,22,25) (S 25,18,25) (S 29,18,21) (S 18,21,23) (S 13,23,24) (S 4,24,1) (D 0,1,1) 
 0 1 7 25 53  12 (D 0,1,1) (S 4,1,24) (S 13,23,24) (S 8,22,25) (S 12,14,16) (S 5,17,1) (D 0,1,1) 
