325
7
1930400
1930400
 0 1 1 60 57  25 (D 0,1,1) (S 18,1,19) (S 4,12,2) (S 4,2,12) (S 10,12,19) (S 15,4,10) (S 29,4,19) (S 13,12,13) (S 23,13,14) (S 27,18,25) (S 12,25,26) (S 2,26,27) (S 25,6,7) (S 14,6,10) (S 29,4,19) (D 0,1,1) 
 0 1 2 44 51  13 (D 0,1,1) (S 26,1,17) (S 17,15,17) (S 22,13,15) (S 32,15,20) (S 16,21,23) (S 30,23,26) (S 2,26,27) (S 6,27,1) (D 0,1,1) 
 0 1 3 32 30  10 (D 0,1,1) (S 6,1,27) (S 24,8,27) (S 1,8,24) (S 3,24,23) (S 30,23,26) (S 2,26,27) (S 6,27,1) (D 0,1,1) 
 0 1 4 28 38  13 (D 0,1,1) (S 8,1,3) (S 11,3,6) (S 14,6,10) (S 28,10,11) (S 19,5,9) (S 29,4,19) (D 0,1,1) 
 0 1 5 37 45  13 (D 0,1,1) (S 33,1,15) (S 32,15,20) (S 5,21,18) (S 27,18,25) (S 7,25,21) (S 5,21,18) (S 10,12,19) (D 0,1,1) 
 0 1 6 37 39  13 (D 0,1,1) (S 18,1,19) (S 34,5,6) (S 20,6,8) (S 1,8,24) (S 35,24,27) (S 31,3,4) (S 29,4,19) (D 0,1,1) 
 0 1 7 44 65  16 (D 0,1,1) (S 8,1,3) (S 9,3,8) (S 24,8,27) (S 2,27,26) (S 5,18,21) (S 16,21,23) (S 21,14,16) (D 0,1,1) 
