378
6
1683700
1683700
 0 1 1 68 73  19 (D 0,1,1) (S 29,1,19) (S 12,19,20) (S 34,20,15) (S 17,15,21) (S 14,21,24) (S 26,21,15) (S 31,5,6) (S 3,7,13) (S 15,13,17) (S 24,17,16) (D 0,1,1) 
 0 1 2 73 47  12 (D 0,1,1) (S 9,5,11) (S 11,11,6) (S 20,7,6) (S 1,7,8) (S 1,8,7) (S 20,7,6) (S 21,6,5) (D 0,1,1) 
 0 1 3 87 66  20 (D 0,1,1) (S 13,2,4) (S 5,4,3) (S 8,3,10) (S 19,10,2) (S 8,10,3) (S 25,9,19) (S 33,19,9) (S 25,9,19) (S 16,19,22) (S 4,22,23) (S 2,23,24) (S 26,21,15) (D 0,1,1) 
 0 1 4 68 62  16 (D 0,1,1) (S 29,1,19) (S 16,19,22) (S 4,22,23) (S 7,23,21) (S 26,21,15) (S 31,5,6) (S 18,12,17) (S 24,17,16) (D 0,1,1) 
 0 1 5 56 55  17 (D 0,1,1) (S 31,5,6) (S 3,7,13) (S 15,13,17) (S 24,17,16) (S 23,16,17) (S 32,17,18) (S 6,18,14) (S 30,14,8) (S 28,8,14) (S 6,14,18) (S 27,17,12) (S 22,11,1) (D 0,1,1) 
 0 1 6 59 75  16 (D 0,1,1) (S 22,11,1) (S 31,5,6) (S 21,6,5) (S 31,5,6) (S 3,7,13) (S 10,13,14) (S 6,14,18) (S 24,17,16) (D 0,1,1) 
