4258
9
3153100
3153100
 0 1 1 3580 524  25 (D 0,1,1) (S 9,1,2) (S 10,2,1) (S 9,1,2) (S 12,2,8) (S 21,8,7) (S 17,7,1) (S 9,1,2) (S 11,2,3) (S 13,3,8) (S 22,8,9) (S 24,9,16) (S 41,16,15) (S 39,15,20) (S 49,20,15) (S 38,15,16) (S 43,17,18) (S 5,18,24) (S 5,24,18) (S 44,18,10) (S 21,8,7) (S 17,7,1) (D 0,1,1) 
 0 1 2 2992 408  20 (D 0,1,1) (S 18,7,14) (S 35,14,15) (S 38,15,16) (S 40,16,9) (S 23,9,3) (S 14,4,5) (S 1,4,10) (S 26,10,11) (S 2,11,18) (S 45,18,19) (S 47,19,18) (S 44,18,10) (S 21,8,7) (S 17,7,1) (D 0,1,1) 
 0 1 3 2761 501  21 (D 0,1,1) (S 9,1,2) (S 12,2,8) (S 19,8,2) (S 12,2,8) (S 20,8,3) (S 1,4,10) (S 27,10,17) (S 43,17,18) (S 5,18,24) (S 61,30,31) (S 63,31,30) (S 5,24,18) (S 44,18,10) (S 21,8,7) (S 17,7,1) (D 0,1,1) 
 0 1 4 2433 356  17 (D 0,1,1) (S 18,7,14) (S 34,14,8) (S 37,15,14) (S 36,14,21) (S 7,21,26) (S 56,26,27) (S 57,27,23) (S 51,22,21) (S 50,21,20) (S 49,20,15) (S 21,8,7) (S 17,7,1) (D 0,1,1) 
 0 1 5 3179 488  20 (D 0,1,1) (S 9,1,2) (S 12,2,8) (S 39,15,20) (S 6,20,22) (S 51,22,21) (S 7,21,26) (S 56,26,27) (S 58,27,29) (S 8,29,30) (S 61,30,31) (S 62,31,25) (S 55,25,24) (S 5,24,18) (S 44,18,10) (S 21,8,7) (S 17,7,1) (D 0,1,1) 
 0 1 6 3981 382  20 (D 0,1,1) (S 9,1,2) (S 11,2,3) (S 1,4,10) (S 25,10,3) (S 1,4,10) (S 26,10,11) (S 28,11,5) (S 15,5,6) (S 3,13,19) (S 46,19,12) (S 30,12,11) (S 29,11,10) (S 21,8,7) (S 17,7,1) (D 0,1,1) 
 0 1 7 3729 482  23 (D 0,1,1) (S 9,1,2) (S 11,2,3) (S 1,4,10) (S 26,10,11) (S 2,11,18) (S 44,18,10) (S 27,10,17) (S 42,17,10) (S 45,18,19) (S 46,19,12) (S 31,12,13) (S 33,13,12) (S 32,12,19) (S 46,19,12) (S 30,12,11) (S 29,11,10) (S 21,8,7) (S 17,7,1) (D 0,1,1) 
 0 1 8 2818 530  19 (D 0,1,1) (S 9,1,2) (S 12,2,8) (S 22,8,9) (S 24,9,16) (S 4,16,23) (S 52,23,24) (S 53,24,25) (S 54,25,19) (S 48,19,25) (S 63,31,30) (S 5,24,18) (S 44,18,10) (S 21,8,7) (S 17,7,1) (D 0,1,1) 
 0 1 9 4309 587  22 (D 0,1,1) (S 9,1,2) (S 11,2,3) (S 14,4,5) (S 15,5,6) (S 16,6,5) (S 1,4,10) (S 5,18,24) (S 8,30,29) (S 60,29,28) (S 59,28,29) (S 60,29,28) (S 7,26,21) (S 34,14,8) (S 21,8,7) (S 17,7,1) (D 0,1,1) 
