197
6
1327300
1327300
 0 1 1 34 29  18 (D 0,1,1) (S 4,1,2) (S 31,4,2) (S 16,4,5) (S 13,5,10) (S 9,10,9) (S 17,9,3) (S 16,4,5) (S 15,11,12) (S 11,11,10) (S 9,10,9) (S 17,9,3) (D 0,1,1) 
 0 1 2 57 38  27 (D 0,1,1) (S 4,1,2) (S 16,4,5) (S 2,11,15) (S 8,15,21) (S 6,21,24) (S 6,24,21) (S 8,21,15) (S 28,15,16) (S 21,16,15) (S 28,15,16) (S 26,16,12) (S 18,12,6) (S 23,12,13) (S 1,13,17) (S 20,17,18) (S 22,18,17) (S 1,17,13) (S 11,11,10) (S 9,10,9) (S 17,9,3) (D 0,1,1) 
 0 1 3 72 43  28 (D 0,1,1) (S 4,1,2) (S 16,4,5) (S 13,5,10) (S 9,10,9) (S 5,9,19) (S 29,19,20) (S 14,23,20) (S 25,23,24) (S 6,24,21) (S 8,21,15) (S 2,15,11) (S 11,11,10) (S 13,10,5) (S 7,6,7) (S 24,7,8) (S 19,8,7) (S 7,7,6) (S 11,11,10) (S 9,10,9) (S 17,9,3) (D 0,1,1) 
 0 1 4 52 33  19 (D 0,1,1) (S 4,1,2) (S 16,4,5) (S 7,6,7) (S 24,7,8) (S 19,8,7) (S 24,7,8) (S 12,8,14) (S 3,14,18) (S 22,18,17) (S 1,17,13) (S 11,11,10) (S 9,10,9) (S 17,9,3) (D 0,1,1) 
 0 1 5 51 35  22 (D 0,1,1) (S 4,1,2) (S 16,4,5) (S 23,12,13) (S 30,13,14) (S 3,14,18) (S 22,18,17) (S 1,17,13) (S 2,11,15) (S 8,15,21) (S 10,23,22) (S 27,22,19) (S 5,19,9) (S 17,9,3) (D 0,1,1) 
 0 1 6 29 19  12 (D 0,1,1) (S 4,1,2) (S 16,4,5) (S 13,5,10) (S 10,23,22) (S 27,22,19) (S 5,19,9) (S 17,9,3) (D 0,1,1) 
