461
8
3122600
3122600
 0 1 1 57 33  16 (D 0,1,1) (S 21,1,2) (S 18,2,1) (S 15,1,31) (S 32,31,5) (S 24,5,31) (S 6,31,29) (S 12,29,27) (S 5,27,26) (S 5,26,27) (S 11,27,24) (S 2,24,23) (S 43,26,28) (S 15,31,1) (D 0,1,1) 
 0 1 2 113 61  20 (D 0,1,1) (S 27,1,30) (S 45,30,1) (S 21,1,2) (S 38,3,2) (S 4,3,4) (S 1,4,13) (S 29,13,12) (S 31,12,13) (S 29,13,12) (S 46,12,18) (S 34,18,21) (S 8,21,19) (S 16,19,13) (S 1,13,4) (S 4,4,3) (S 38,3,2) (S 18,2,1) (D 0,1,1) 
 0 1 3 95 44  11 (D 0,1,1) (S 21,1,2) (S 10,2,8) (S 9,8,9) (S 14,9,13) (S 16,13,19) (S 16,19,13) (S 1,13,4) (S 4,4,3) (S 38,3,2) (S 18,2,1) (D 0,1,1) 
 0 1 4 58 50  17 (D 0,1,1) (S 15,1,31) (S 40,6,11) (S 7,11,10) (S 19,14,10) (S 20,10,16) (S 48,16,17) (S 25,17,11) (S 22,11,12) (S 46,12,18) (S 15,31,1) (D 0,1,1) 
 0 1 5 140 110  29 (D 0,1,1) (S 15,1,31) (S 6,31,29) (S 47,29,28) (S 35,28,26) (S 5,26,27) (S 12,27,29) (S 44,29,30) (S 42,30,29) (S 6,29,31) (S 39,6,5) (S 37,10,5) (S 41,14,15) (S 49,15,14) (S 19,14,10) (S 7,10,11) (S 22,11,12) (S 46,12,18) (S 28,18,19) (S 16,19,13) (S 14,13,9) (S 33,9,4) (S 4,4,3) (S 38,3,2) (S 18,2,1) (D 0,1,1) 
 0 1 6 133 65  16 (D 0,1,1) (S 3,1,7) (S 30,7,8) (S 46,12,18) (S 34,18,21) (S 8,21,19) (S 23,19,20) (S 13,20,22) (S 17,22,21) (S 8,21,19) (S 16,19,13) (S 1,13,4) (S 4,4,3) (S 38,3,2) (S 18,2,1) (D 0,1,1) 
 0 1 7 108 72  18 (D 0,1,1) (S 3,1,7) (S 50,7,6) (S 40,6,11) (S 22,11,12) (S 46,12,18) (S 34,18,21) (S 17,21,22) (S 13,22,20) (S 13,20,22) (S 17,22,21) (S 8,21,19) (S 26,19,18) (S 15,31,1) (D 0,1,1) 
 0 1 8 48 26  10 (D 0,1,1) (S 15,1,31) (S 6,31,29) (S 12,29,27) (S 11,27,24) (S 2,24,23) (S 36,25,28) (S 15,31,1) (D 0,1,1) 
