702
6
3537000
3537000
 0 1 1 95 107  27 (D 0,1,1) (S 48,1,6) (S 12,12,13) (S 30,13,7) (S 50,7,6) (S 20,6,7) (S 1,14,8) (S 1,8,14) (S 22,14,20) (S 47,20,26) (S 37,26,20) (S 23,15,21) (S 27,21,15) (S 15,9,10) (S 16,10,16) (S 11,16,17) (S 11,17,16) (S 16,16,10) (D 0,1,1) 
 0 1 2 127 134  29 (D 0,1,1) (S 32,1,7) (S 12,13,12) (S 41,12,18) (S 6,19,25) (S 29,25,29) (S 45,29,25) (S 9,25,26) (S 7,26,31) (S 26,31,32) (S 51,32,31) (S 10,31,30) (S 43,30,25) (S 6,25,19) (S 4,15,22) (S 17,22,23) (S 17,23,22) (S 4,22,15) (S 12,13,12) (D 0,1,1) 
 0 1 3 103 89  22 (D 0,1,1) (S 48,1,6) (S 40,6,18) (S 12,12,13) (S 13,13,2) (S 31,2,8) (S 1,8,14) (S 4,15,22) (S 25,22,28) (S 2,34,33) (S 19,33,32) (S 39,32,27) (S 37,26,20) (S 12,13,12) (D 0,1,1) 
 0 1 4 108 140  31 (D 0,1,1) (S 48,1,6) (S 34,19,18) (S 42,29,18) (S 12,12,13) (S 36,9,15) (S 23,15,21) (S 3,21,27) (S 18,32,33) (S 14,33,28) (S 5,28,23) (S 8,23,24) (S 21,24,34) (S 2,34,33) (S 19,33,32) (S 39,32,27) (S 37,26,20) (S 12,13,12) (D 0,1,1) 
 0 1 5 144 152  34 (D 0,1,1) (S 48,1,6) (S 12,12,13) (S 15,9,10) (S 16,10,16) (S 33,16,15) (S 15,9,10) (S 52,4,3) (S 46,10,11) (S 28,11,5) (S 49,5,4) (S 16,10,16) (S 53,16,23) (S 5,23,28) (S 44,28,27) (S 38,27,28) (S 54,34,24) (S 8,24,23) (S 17,23,22) (S 4,22,15) (S 12,13,12) (D 0,1,1) 
 0 1 6 47 80  16 (D 0,1,1) (S 48,1,6) (S 12,12,13) (S 15,9,10) (S 16,10,16) (S 11,16,17) (S 35,17,24) (S 24,24,11) (D 0,1,1) 
