361
8
466394100
466394100
0 1 1 61 55 24 (D 0,1,1) (S 10,1,19) (S 2,12,2) (S 2,2,12) (S 11,4,12) (S 31,12,19) (S 20,4,19) (S 34,12,13) (S 5,13,14) (S 35,14,18) (S 32,18,25) (S 37,25,26) (S 3,8,3) (S 27,3,6) (S 20,4,19)
0 1 2 33 43 11 (D 0,1,1) (S 33,1,17) (S 18,15,17) (S 6,15,20) (S 23,20,21) (S 16,21,22) (S 26,22,23)
0 1 3 26 25 6 (D 0,1,1) (S 22,1,24) (S 14,24,27) (S 3,8,3) (S 1,3,1)
0 1 4 41 32 12 (D 0,1,1) (S 10,1,19) (S 24,4,5) (S 19,5,6) (S 12,5,9) (S 19,5,6) (S 36,6,8)
0 1 5 44 60 13 (D 0,1,1) (S 17,1,27) (S 28,8,9) (S 19,5,6) (S 30,6,9) (S 8,4,3) (S 1,3,1) (S 21,1,15)
0 1 6 49 66 17 (D 0,1,1) (S 10,1,19) (S 13,4,6) (S 15,7,11) (S 11,4,12) (S 34,12,13) (S 38,13,15) (S 6,15,20) (S 23,20,21) (S 9,21,25) (S 37,25,26)
0 1 7 28 41 14 (D 0,1,1) (S 22,1,24) (S 26,22,23) (S 29,22,25) (S 25,18,21) (S 32,18,25) (S 37,25,26)
0 1 8 38 39 12 (D 0,1,1) (S 10,1,19) (S 34,12,13) (S 5,13,14) (S 35,14,18) (S 4,14,20) (S 23,20,21) (S 7,21,23)
