430
7
2949200
44529100
 0 1 1 78 39  20 (D 0,1,1) (S 44,1,2) (S 33,2,3) (S 30,3,2) (S 46,2,1) (S 10,1,31) (S 40,31,5) (S 15,31,29) (S 42,29,28) (S 11,28,31) (S 40,31,5) (S 26,5,6) (S 23,6,11) (S 13,11,10) (S 28,10,14) (S 22,14,10) (S 31,10,5) (S 10,31,1) (D 0,1,1) 
 0 1 2 121 64  24 (D 0,1,1) (S 19,1,30) (S 10,1,31) (S 14,31,6) (S 23,6,11) (S 25,11,6) (S 23,6,11) (S 13,11,10) (S 28,10,14) (S 22,14,10) (S 41,10,16) (S 45,17,11) (S 25,11,6) (S 14,6,31) (S 10,31,1) (S 44,1,2) (S 33,2,3) (S 27,9,4) (S 3,4,3) (S 30,3,2) (S 46,2,1) (D 0,1,1) 
 0 1 3 94 64  18 (D 0,1,1) (S 44,1,2) (S 33,2,3) (S 3,3,4) (S 9,4,13) (S 37,13,12) (S 32,12,11) (S 29,11,12) (S 39,12,18) (S 34,18,12) (S 39,12,18) (S 36,21,18) (S 34,18,12) (S 32,12,11) (S 25,11,6) (S 14,6,31) (S 10,31,1) (D 0,1,1) 
 0 1 4 76 57  21 (D 0,1,1) (S 10,1,31) (S 40,31,5) (S 17,5,10) (S 31,10,5) (S 15,31,29) (S 7,27,24) (S 4,24,23) (S 20,23,26) (S 7,27,24) (S 4,24,23) (S 8,23,25) (S 24,28,26) (S 47,29,30) (D 0,1,1) 
 0 1 5 103 59  19 (D 0,1,1) (S 44,1,2) (S 33,2,3) (S 16,9,13) (S 1,13,19) (S 18,19,22) (S 2,22,21) (S 36,21,18) (S 34,18,12) (S 32,12,11) (S 13,11,10) (S 41,10,16) (S 43,15,14) (S 22,14,10) (S 31,10,5) (S 10,31,1) (D 0,1,1) 
 0 1 6 138 80  21 (D 0,1,1) (S 21,7,6) (S 23,6,11) (S 13,11,10) (S 41,10,16) (S 38,17,16) (S 45,17,11) (S 29,11,12) (S 12,12,8) (S 12,8,12) (S 39,12,18) (S 6,21,19) (S 1,19,13) (S 9,13,4) (S 3,4,3) (S 30,3,2) (S 46,2,1) (D 0,1,1) 
 0 1 7 139 67  16 (D 0,1,1) (S 35,7,8) (S 12,8,12) (S 1,13,19) (S 18,19,22) (S 5,22,20) (S 5,20,22) (S 2,22,21) (S 6,21,19) (S 1,19,13) (S 9,13,4) (S 3,4,3) (S 30,3,2) (S 46,2,1) (D 0,1,1) 
