725
7
14002100
580673200
 0 1 1 145 86  41 (D 0,1,1) (S 89,6,1) (S 49,6,13) (S 43,13,12) (S 82,12,13) (S 29,13,14) (S 4,14,8) (S 88,8,7) (S 45,7,13) (S 16,13,21) (S 6,21,20) (S 11,19,11) (S 11,11,19) (S 15,19,18) (S 44,26,30) (S 71,30,34) (S 3,34,40) (S 3,40,34) (S 76,34,30) (S 23,30,27) (S 23,27,30) (S 71,30,34) (S 3,34,40) (S 62,41,48) (S 72,48,41) (S 37,41,49) (S 32,44,42) (S 68,42,44) (S 32,44,42) (S 36,42,36) (S 21,36,27) (S 9,27,21) (S 16,21,13) (S 57,13,6) (S 89,6,1) (D 0,1,1) 
 0 1 2 122 87  38 (D 0,1,1) (S 38,6,7) (S 70,8,9) (S 14,9,15) (S 27,15,16) (S 18,24,25) (S 24,25,28) (S 7,32,37) (S 42,37,36) (S 81,36,42) (S 68,42,44) (S 32,44,42) (S 36,42,36) (S 31,35,41) (S 37,41,49) (S 62,41,48) (S 72,48,41) (S 2,40,33) (S 58,33,39) (S 85,39,29) (S 28,29,33) (S 76,34,30) (S 64,26,18) (S 15,18,19) (S 11,19,11) (S 82,12,13) (S 57,13,6) (S 89,6,1) (D 0,1,1) 
 0 1 3 148 106  37 (D 0,1,1) (S 86,12,11) (S 33,11,5) (S 78,5,11) (S 11,11,19) (S 64,26,18) (S 54,18,29) (S 28,29,33) (S 58,33,39) (S 85,39,29) (S 28,29,33) (S 5,34,26) (S 44,26,30) (S 23,30,27) (S 9,27,21) (S 16,21,13) (S 57,13,6) (S 20,6,5) (S 78,5,11) (S 82,12,13) (S 29,13,14) (S 30,23,31) (S 69,31,32) (S 47,31,23) (S 29,14,13) (S 57,13,6) (S 89,6,1) (D 0,1,1) 
 0 1 4 126 91  35 (D 0,1,1) (S 49,6,13) (S 29,13,14) (S 22,14,22) (S 35,22,31) (S 47,31,23) (S 30,23,31) (S 66,37,43) (S 40,43,45) (S 63,45,43) (S 25,43,38) (S 56,38,28) (S 59,32,38) (S 61,38,45) (S 63,45,43) (S 67,43,42) (S 52,42,41) (S 62,41,48) (S 51,47,46) (S 39,46,47) (S 3,40,34) (S 76,34,30) (S 64,26,18) (S 15,18,19) (S 11,19,11) (S 82,12,13) (S 57,13,6) (S 89,6,1) (D 0,1,1) 
 0 1 5 104 102  27 (D 0,1,1) (S 38,6,7) (S 84,7,6) (S 38,6,7) (S 1,2,3) (S 26,3,4) (S 53,4,10) (S 48,10,17) (S 12,17,16) (S 34,16,9) (S 60,9,16) (S 75,24,32) (S 46,31,22) (S 22,22,14) (S 79,23,24) (S 55,24,23) (S 29,14,13) (S 57,13,6) (S 89,6,1) (D 0,1,1) 
 0 1 6 160 139  45 (D 0,1,1) (S 41,5,18) (S 44,26,30) (S 23,30,27) (S 8,27,35) (S 81,36,42) (S 68,42,44) (S 19,44,50) (S 77,50,45) (S 63,45,43) (S 83,43,50) (S 73,50,43) (S 50,37,38) (S 56,38,28) (S 87,28,38) (S 25,38,43) (S 42,37,36) (S 21,36,27) (S 23,27,30) (S 71,30,34) (S 3,34,40) (S 51,47,46) (S 39,46,47) (S 72,48,41) (S 37,41,49) (S 65,49,48) (S 72,48,41) (S 3,40,34) (S 76,34,30) (S 64,26,18) (S 15,18,19) (S 11,19,11) (S 82,12,13) (S 57,13,6) (S 89,6,1) (D 0,1,1) 
 0 1 7 155 114  32 (D 0,1,1) (S 49,6,13) (S 29,13,14) (S 14,15,9) (S 10,9,10) (S 48,10,17) (S 17,17,25) (S 24,25,28) (S 13,31,27) (S 23,27,30) (S 71,30,34) (S 3,34,40) (S 37,41,49) (S 80,49,50) (S 77,50,45) (S 63,45,43) (S 25,43,38) (S 56,38,28) (S 24,28,25) (S 17,25,17) (S 74,17,10) (S 10,10,9) (S 14,9,15) (S 29,14,13) (S 57,13,6) (S 89,6,1) (D 0,1,1) 
