305
7
1837200
8349400
 0 1 1 49 39  11 (D 0,1,1) (S 2,1,19) (S 2,19,1) (S 9,1,17) (S 10,15,20) (S 3,20,21) (S 22,21,22) (S 20,22,23) (S 8,23,24) (D 0,1,1) 
 0 1 2 11 45  15 (D 0,1,1) (S 15,1,27) (S 26,22,25) (S 5,14,16) (D 0,1,1) 
 0 1 3 45 45  13 (D 0,1,1) (S 18,1,3) (S 7,3,6) (S 6,6,10) (S 25,10,11) (S 27,4,5) (S 17,5,9) (S 16,5,6) (D 0,1,1) 
 0 1 4 44 67  14 (D 0,1,1) (S 19,13,15) (S 10,15,20) (S 3,20,21) (S 23,21,23) (S 8,23,24) (S 18,1,3) (S 14,3,4) (D 0,1,1) 
 0 1 5 22 35  9 (D 0,1,1) (S 18,1,3) (S 7,3,6) (S 17,5,9) (S 4,8,3) (D 0,1,1) 
 0 1 6 24 36  11 (D 0,1,1) (S 18,1,3) (S 14,3,4) (S 27,4,5) (S 17,5,9) (D 0,1,1) 
 0 1 7 26 38  9 (D 0,1,1) (S 18,1,3) (S 7,3,6) (S 1,7,11) (S 6,10,6) (D 0,1,1) 
