559
6
10552700
419650000
 0 1 1 130 69  40 (D 0,1,1) (S 65,1,6) (S 47,6,1) (S 65,1,6) (S 72,6,12) (S 2,13,14) (S 17,15,23) (S 69,23,22) (S 67,22,21) (S 14,21,13) (S 50,13,6) (S 46,6,13) (S 52,12,11) (S 16,11,19) (S 25,19,18) (S 32,18,26) (S 62,26,30) (S 51,30,26) (S 62,26,30) (S 21,34,40) (S 41,40,47) (S 9,47,48) (S 53,48,41) (S 57,41,48) (S 53,48,41) (S 15,41,40) (S 21,40,34) (S 55,34,30) (S 51,30,26) (S 25,18,19) (S 16,19,11) (S 45,11,12) (S 50,13,6) (S 47,6,1) (D 0,1,1) 
 0 1 2 157 97  43 (D 0,1,1) (S 65,1,6) (S 72,6,12) (S 6,20,19) (S 33,19,26) (S 43,26,29) (S 5,33,40) (S 21,40,34) (S 55,34,30) (S 21,34,40) (S 15,40,41) (S 57,41,48) (S 53,48,41) (S 57,41,48) (S 9,48,47) (S 68,47,40) (S 21,40,34) (S 18,34,33) (S 30,39,29) (S 18,33,34) (S 8,34,26) (S 25,18,19) (S 16,19,11) (S 45,11,12) (S 2,13,14) (S 17,15,23) (S 39,23,31) (S 36,31,32) (S 60,31,23) (S 17,23,15) (S 2,14,13) (S 50,13,6) (S 47,6,1) (D 0,1,1) 
 0 1 3 113 68  25 (D 0,1,1) (S 65,1,6) (S 76,7,8) (S 75,8,7) (S 40,7,6) (S 72,6,12) (S 10,20,21) (S 4,21,27) (S 13,27,31) (S 61,31,37) (S 74,37,43) (S 11,43,38) (S 28,38,28) (S 77,28,32) (S 60,31,23) (S 17,23,15) (S 12,15,9) (S 12,9,15) (S 2,14,13) (S 50,13,6) (S 47,6,1) (D 0,1,1) 
 0 1 4 135 106  34 (D 0,1,1) (S 26,5,11) (S 16,11,19) (S 25,19,18) (S 29,18,29) (S 5,33,40) (S 15,40,41) (S 66,49,41) (S 37,44,42) (S 44,42,36) (S 38,36,42) (S 49,42,41) (S 20,44,50) (S 73,50,45) (S 71,43,42) (S 44,42,36) (S 3,36,35) (S 35,35,34) (S 55,34,30) (S 7,27,36) (S 7,36,27) (S 4,27,21) (S 14,21,13) (S 50,13,6) (S 47,6,1) (D 0,1,1) 
 0 1 5 172 121  39 (D 0,1,1) (S 65,1,6) (S 46,6,13) (S 2,13,14) (S 17,15,23) (S 39,23,31) (S 60,31,23) (S 17,23,15) (S 12,15,9) (S 27,9,8) (S 19,9,3) (S 1,3,4) (S 59,4,10) (S 54,10,17) (S 22,17,16) (S 58,16,9) (S 12,9,15) (S 17,15,23) (S 42,23,24) (S 24,25,28) (S 56,28,38) (S 11,38,43) (S 48,43,50) (S 73,50,45) (S 64,37,38) (S 28,38,28) (S 77,28,32) (S 60,31,23) (S 17,23,15) (S 2,14,13) (S 50,13,6) (S 47,6,1) (D 0,1,1) 
 0 1 6 108 98  34 (D 0,1,1) (S 65,1,6) (S 46,6,13) (S 14,13,21) (S 70,21,22) (S 61,31,37) (S 3,36,35) (S 63,35,41) (S 15,41,40) (S 21,40,34) (S 55,34,30) (S 51,30,26) (S 25,18,19) (S 16,19,11) (S 45,11,12) (S 2,13,14) (S 31,24,23) (S 42,23,24) (S 23,25,17) (S 22,17,16) (S 75,8,7) (S 34,2,1) (D 0,1,1) 
