138
8
318700
12461300
 0 1 1 27 12  13 (D 0,1,1) (S 2,1,8) (S 2,8,1) (S 7,1,2) (S 18,2,4) (S 6,4,5) (S 14,3,7) (S 22,3,11) (D 0,1,1) 
 0 1 2 9 14  10 (D 0,1,1) (S 26,1,11) (S 22,3,11) (D 0,1,1) 
 0 1 3 46 28  14 (D 0,1,1) (S 32,1,10) (S 15,3,10) (S 7,1,2) (S 34,2,6) (S 3,6,8) (S 2,8,1) (S 26,1,11) (S 8,11,6) (S 19,4,9) (D 0,1,1) 
 0 1 4 31 15  8 (D 0,1,1) (S 17,1,6) (S 31,2,11) (S 27,1,5) (S 24,5,8) (S 2,8,1) (D 0,1,1) 
 0 1 5 22 18  11 (D 0,1,1) (S 34,2,6) (S 40,4,10) (S 30,3,8) (S 2,8,1) (D 0,1,1) 
 0 1 6 27 16  12 (D 0,1,1) (S 26,1,11) (S 1,1,4) (S 34,2,6) (S 15,3,10) (S 14,3,7) (D 0,1,1) 
 0 1 7 27 21  13 (D 0,1,1) (S 6,5,4) (S 21,4,11) (S 34,2,6) (S 3,6,8) (S 2,8,1) (D 0,1,1) 
 0 1 8 23 14  10 (D 0,1,1) (S 32,1,10) (S 7,1,2) (S 7,2,1) (S 2,1,8) (D 0,1,1) 
