623
6
10661300
504900100
 0 1 1 86 51  25 (D 0,1,1) (S 68,1,6) (S 29,6,12) (S 31,12,13) (S 58,13,12) (S 9,12,20) (S 1,20,19) (S 66,19,26) (S 55,26,30) (S 57,30,34) (S 7,40,33) (S 32,33,39) (S 72,39,29) (S 26,29,33) (S 21,33,34) (S 36,26,18) (S 31,12,13) (S 64,6,1) (D 0,1,1) 
 0 1 2 106 77  41 (D 0,1,1) (S 68,1,6) (S 64,6,1) (S 68,1,6) (S 38,6,13) (S 6,13,14) (S 2,15,23) (S 2,23,15) (S 13,15,9) (S 13,9,15) (S 25,15,16) (S 14,24,25) (S 4,25,28) (S 39,28,32) (S 3,32,37) (S 48,43,45) (S 67,45,50) (S 75,50,45) (S 82,42,44) (S 43,44,42) (S 83,36,42) (S 49,41,48) (S 36,26,18) (S 31,12,13) (S 64,6,1) (D 0,1,1) 
 0 1 3 153 123  45 (D 0,1,1) (S 68,1,6) (S 29,6,12) (S 61,12,11) (S 34,11,5) (S 66,19,26) (S 35,26,29) (S 26,29,33) (S 11,33,46) (S 52,47,40) (S 18,47,48) (S 80,41,49) (S 45,49,41) (S 22,30,27) (S 22,27,30) (S 36,26,18) (S 81,18,26) (S 36,26,18) (S 62,18,29) (S 26,29,33) (S 7,33,40) (S 49,41,48) (S 56,48,49) (S 5,44,50) (S 30,50,43) (S 3,37,32) (S 63,31,23) (S 2,23,15) (S 6,14,13) (S 64,6,1) (D 0,1,1) 
 0 1 4 141 102  41 (D 0,1,1) (S 68,1,6) (S 73,6,7) (S 16,7,2) (S 16,2,7) (S 60,7,8) (S 42,8,7) (S 53,7,13) (S 8,13,21) (S 23,21,20) (S 9,20,12) (S 31,12,13) (S 70,13,7) (S 60,7,8) (S 19,8,14) (S 2,15,23) (S 76,23,31) (S 44,31,37) (S 10,36,35) (S 33,35,34) (S 22,30,27) (S 77,35,41) (S 22,30,27) (S 63,31,23) (S 76,23,31) (S 78,31,32) (S 63,31,23) (S 2,23,15) (S 6,14,13) (S 64,6,1) (D 0,1,1) 
 0 1 5 145 139  32 (D 0,1,1) (S 68,1,6) (S 27,6,5) (S 1,19,20) (S 69,20,30) (S 22,30,27) (S 28,31,22) (S 41,22,21) (S 71,22,31) (S 44,31,37) (S 46,37,38) (S 50,38,28) (S 79,28,38) (S 65,43,50) (S 75,50,45) (S 51,45,38) (S 50,38,28) (S 4,28,25) (S 17,25,17) (S 17,17,25) (S 14,25,24) (S 74,24,23) (S 2,23,15) (S 6,14,13) (S 64,6,1) (D 0,1,1) 
 0 1 6 158 131  36 (D 0,1,1) (S 68,1,6) (S 73,6,7) (S 16,7,2) (S 12,2,3) (S 24,3,9) (S 47,9,16) (S 40,16,9) (S 20,9,10) (S 15,17,16) (S 37,24,32) (S 3,32,37) (S 83,36,42) (S 82,42,44) (S 59,49,50) (S 75,50,45) (S 3,37,32) (S 63,31,23) (S 2,23,15) (S 13,15,9) (S 24,9,3) (S 54,4,10) (S 20,10,9) (S 13,9,15) (S 6,14,13) (S 64,6,1) (D 0,1,1) 
