7738
8
340563700
1772744900
 0 1 1 2346 551  29 (D 0,1,1) (S 35,95,84) (S 30,84,96) (S 29,84,70) (S 23,70,83) (S 29,84,70) (S 2,59,72) (S 24,73,60) (S 16,60,61) (S 17,61,62) (S 18,63,50) (S 2,59,72) (D 0,1,1) 
 0 1 2 3519 1135  57 (D 0,1,1) (S 36,99,98) (S 25,75,74) (S 10,37,38) (S 11,38,37) (S 10,37,38) (S 9,27,28) (S 5,15,14) (S 1,4,3) (S 1,3,4) (S 3,4,5) (S 9,27,28) (S 49,127,128) (S 45,117,106) (S 47,125,124) (S 36,99,98) (D 0,1,1) 
 0 1 3 2990 650  35 (D 0,1,1) (S 38,100,101) (S 31,90,78) (S 26,77,76) (S 18,63,50) (S 13,50,51) (S 19,64,77) (S 20,65,52) (S 14,52,51) (S 15,53,52) (S 14,52,51) (S 19,64,77) (S 26,77,76) (S 25,75,74) (D 0,1,1) 
 0 1 4 2544 1192  61 (D 0,1,1) (S 37,100,89) (S 21,65,78) (S 39,104,115) (S 44,116,129) (S 50,129,128) (S 45,117,106) (S 43,114,113) (S 53,136,137) (S 62,147,146) (S 54,138,128) (S 45,117,106) (S 47,125,124) (S 36,99,98) (D 0,1,1) 
 0 1 5 2359 696  37 (D 0,1,1) (S 51,131,132) (S 52,133,143) (S 58,142,132) (S 46,123,111) (S 53,136,137) (S 48,126,137) (S 62,147,146) (S 61,145,144) (S 59,142,141) (S 57,141,131) (S 51,131,132) (D 0,1,1) 
 0 1 6 2898 1307  65 (D 0,1,1) (S 42,110,111) (S 38,100,101) (S 32,91,79) (S 26,77,76) (S 18,63,50) (S 6,17,8) (S 7,19,18) (S 12,42,41) (S 8,20,11) (S 4,12,21) (S 22,69,56) (S 27,81,80) (S 47,125,124) (S 41,108,109) (D 0,1,1) 
 0 1 7 3810 1476  70 (D 0,1,1) (S 40,108,95) (S 35,95,84) (S 30,84,96) (S 56,140,141) (S 57,141,131) (S 51,131,132) (S 61,145,144) (S 60,144,134) (S 55,140,118) (S 40,108,95) (S 35,95,84) (S 29,84,70) (S 3,4,5) (S 9,27,28) (S 33,93,82) (S 27,81,80) (S 26,77,76) (S 25,75,74) (D 0,1,1) 
 0 1 8 1952 731  36 (D 0,1,1) (S 38,100,101) (S 34,93,106) (S 33,93,82) (S 28,82,69) (S 27,81,80) (S 26,77,76) (S 25,75,74) (D 0,1,1) 
